1 0.20067719
2 0.14283493
3 0.08734056
4 0.08639994
5 0.0617062
6 0.05671489
7 0.04050026
8 0.04039772
9 0.03852936
10 0.03815783
11 0.035451625
12 0.034579854
13 0.034427688
14 0.034128092
15 0.03400385
16 0.032987446
17 0.032952238
18 0.032919202
19 0.031963103
20 0.03155356
21 0.031330965
22 0.030894034
23 0.03057201
24 0.030552756
25 0.030551173
26 0.030449044
27 0.030311953
28 0.030311225
29 0.030294493
30 0.029931827
31 0.028576557
32 0.02819558
33 0.028164573
34 0.028150085
35 0.028135495
36 0.027954917
37 0.02794779
38 0.027868446
39 0.027866965
40 0.027313957
41 0.027302416
42 0.027253926
43 0.02725241
44 0.027218709
45 0.027213681
46 0.027192688
47 0.02713379
48 0.027016802
49 0.026933545
50 0.026924
51 0.026542393
52 0.026517201
53 0.026515147
54 0.026498154
55 0.02622336
56 0.026041634
57 0.026036886
58 0.025830796
59 0.02554024
60 0.025157852
61 0.025059419
62 0.025010329
63 0.024844889
64 0.02484058
65 0.024694202
66 0.024656653
67 0.024636772
68 0.02455932
69 0.024238138
70 0.024152245
71 0.024149437
72 0.024042934
73 0.024036013
74 0.023959137
75 0.023956094
76 0.023955612
77 0.023950635
78 0.023950508
79 0.023360187
80 0.023334159
81 0.02332302
82 0.02331556
83 0.023211347
84 0.023199862
85 0.023035726
86 0.023020126
87 0.023018379
88 0.023010073
89 0.023009552
90 0.02298521
91 0.02298185
92 0.022842376
93 0.022819526
94 0.022819208
95 0.022808073
96 0.022806464
97 0.022781903
98 0.022588236
99 0.022556629
100 0.022555942
101 0.022551699
102 0.022409748
103 0.022401119
104 0.022398725
105 0.022395305
106 0.022395257
107 0.022383522
108 0.022307212
109 0.022218017
110 0.022208137
111 0.02220707
112 0.022206424
113 0.02209797
114 0.022066772
115 0.022058045
116 0.021882579
117 0.021881139
118 0.021878315
119 0.021868937
120 0.02186314
121 0.021789266
122 0.021784851
123 0.021762569
124 0.021757895
125 0.021582147
126 0.021579023
127 0.021578921
128 0.021411138
129 0.021306923
130 0.021292923
131 0.021260327
132 0.021237131
133 0.021235317
134 0.021229029
135 0.021228971
136 0.021226635
137 0.02121316
138 0.021209996
139 0.021207234
140 0.021174483
141 0.02117217
142 0.02117104
143 0.0211473
144 0.021128183
145 0.021119889
146 0.021054696
147 0.02101867
148 0.02100878
149 0.021006051
150 0.02100232
151 0.02100117
152 0.02100109
153 0.020987457
154 0.020980343
155 0.020970795
156 0.020970484
157 0.020970438
158 0.020969698
159 0.020950725
160 0.020925073
161 0.020924874
162 0.020920547
163 0.020920007
164 0.020919653
165 0.020919368
166 0.020919103
167 0.02090769
168 0.020901274
169 0.020863395
170 0.020839518
171 0.02080341
172 0.020799175
173 0.02078392
174 0.02062862
175 0.020627435
176 0.0206246
177 0.020604948
178 0.020568598
179 0.020564277
180 0.020443808
181 0.020442445
182 0.020442382
183 0.020441923
184 0.02043369
185 0.020410048
186 0.020405054
187 0.020402875
188 0.020384708
189 0.020355536
190 0.020329988
191 0.020310089
192 0.020308655
193 0.020245783
194 0.02018908
195 0.020118
196 0.02011784
197 0.020114595
198 0.02007783
199 0.020070314
200 0.019867742
201 0.019862175
202 0.019829003
203 0.019828236
204 0.01980924
205 0.019807514
206 0.01980744
207 0.01980727
208 0.019793296
209 0.019769184
210 0.01976317
211 0.01975571
212 0.019753335
213 0.019749703
214 0.019729763
215 0.019725233
216 0.0197238
217 0.019723292
218 0.019723032
219 0.019694809
220 0.019688677
221 0.019681752
222 0.019681564
223 0.019680625
224 0.019673899
225 0.019670578
226 0.019668046
227 0.019663729
228 0.019651849
229 0.0196479
230 0.019636782
231 0.019595537
232 0.019588225
233 0.019587176
234 0.01954135
235 0.019431785
236 0.019407973
237 0.019378018
238 0.019332308
239 0.01932112
240 0.019315943
241 0.019301895
242 0.019293776
243 0.019293414
244 0.019286461
245 0.019227447
246 0.019226564
247 0.019211574
248 0.019209847
249 0.01920662
250 0.019200323
251 0.019195806
252 0.019188901
253 0.019186812
254 0.01916881
255 0.01916445
256 0.019164408
257 0.019164197
258 0.019159338
259 0.01915046
260 0.01914133
261 0.019138467
262 0.019099558
263 0.019096814
264 0.019072875
265 0.01907261
266 0.019064069
267 0.019063912
268 0.019062687
269 0.01905967
270 0.019058404
271 0.019055674
272 0.019055577
273 0.019045485
274 0.019033045
275 0.019022398
276 0.019022353
277 0.019018166
278 0.0189748
279 0.018969744
280 0.018946735
281 0.018938016
282 0.018920684
283 0.018913653
284 0.018905839
285 0.018841565
286 0.018838957
287 0.018835083
288 0.018827247
289 0.018823734
290 0.018807746
291 0.018805513
292 0.018804746
293 0.018656462
294 0.018630007
295 0.01856684
296 0.01856338
297 0.018563293
298 0.018560125
299 0.018556882
300 0.01854761
301 0.018539492
302 0.018538833
303 0.018531613
304 0.018517494
305 0.018507507
306 0.018501814
307 0.018449953
308 0.018405873
309 0.01840342
310 0.018365683
311 0.018340139
312 0.018303944
313 0.018301805
314 0.018301321
315 0.018300844
316 0.018300533
317 0.01825321
318 0.018252002
319 0.018251417
320 0.01822758
321 0.018136462
322 0.018128075
323 0.018122068
324 0.018115636
325 0.01811438
326 0.018099435
327 0.018095639
328 0.018091634
329 0.018075373
330 0.018075133
331 0.018022843
332 0.0179927
333 0.017949792
334 0.01793829
335 0.01792507
336 0.017924469
337 0.017907642
338 0.017873555
339 0.017868944
340 0.017772252
341 0.01776357
342 0.017754897
343 0.017754728
344 0.017742814
345 0.017741838
346 0.01773753
347 0.017727138
348 0.01772658
349 0.017725984
350 0.017685087
351 0.017682223
352 0.017615898
353 0.017527442
354 0.017517839
355 0.017517103
356 0.017516863
357 0.017513366
358 0.017512921
359 0.017509773
360 0.017509425
361 0.017491914
362 0.017491732
363 0.017491726
364 0.017488588
365 0.017488176
366 0.017480182
367 0.017464915
368 0.017459737
369 0.017459536
370 0.017457701
371 0.017457595
372 0.017453548
373 0.01745336
374 0.01744581
375 0.017441673
376 0.017438013
377 0.017425383
378 0.0174162
379 0.017415427
380 0.017415415
381 0.017406415
382 0.01740616
383 0.017339349
384 0.017320735
385 0.017320624
386 0.017310742
387 0.017297138
388 0.017296685
389 0.01729664
390 0.017276725
391 0.017241633
392 0.017239088
393 0.01723098
394 0.017217897
395 0.017214932
396 0.017204925
397 0.01720465
398 0.017204149
399 0.01719208
400 0.01718979
401 0.017185455
402 0.017185377
403 0.017171059
404 0.017168181
405 0.017161319
406 0.01716101
407 0.01716083
408 0.017158633
409 0.017152814
410 0.017145237
411 0.01713427
412 0.017133154
413 0.017123897
414 0.017123168
415 0.017106941
416 0.017106723
417 0.017102292
418 0.017096031
419 0.017078072
420 0.017072896
421 0.017068947
422 0.01706871
423 0.01706818
424 0.017068
425 0.017065639
426 0.016996402
427 0.016981253
428 0.016977642
429 0.016977215
430 0.016972952
431 0.016962312
432 0.016933782
433 0.016931005
434 0.01693087
435 0.016930137
436 0.01689596
437 0.016893024
438 0.01689292
439 0.016892806
440 0.016891925
441 0.016886791
442 0.016845645
443 0.016827991
444 0.01682646
445 0.016824584
446 0.016822971
447 0.016821992
448 0.016818458
449 0.01681079
450 0.016809171
451 0.016809044
452 0.016808871
453 0.016783088
454 0.016775062
455 0.016767805
456 0.016767476
457 0.016765099
458 0.01676285
459 0.016761905
460 0.016759587
461 0.016756665
462 0.01674936
463 0.016748996
464 0.016747974
465 0.01673662
466 0.016726304
467 0.01672624
468 0.016725559
469 0.016722873
470 0.01672272
471 0.016720593
472 0.016720407
473 0.016696308
474 0.0165975
475 0.01659684
476 0.016589483
477 0.016588723
478 0.016588142
479 0.016587885
480 0.016585147
481 0.01657136
482 0.0165455
483 0.016542923
484 0.016512046
485 0.01649707
486 0.016496746
487 0.016496742
488 0.016493931
489 0.016493423
490 0.016482677
491 0.016480772
492 0.016473662
493 0.01647301
494 0.016472816
495 0.01641152
496 0.016407643
497 0.016403368
498 0.016402977
499 0.016402772
500 0.016401175
501 0.016384024
502 0.016378788
503 0.016369058
504 0.016361741
505 0.016361434
506 0.016359404
507 0.01634853
508 0.016345622
509 0.016345177
510 0.01628761
511 0.016287265
512 0.016286923
513 0.016263183
514 0.016256418
515 0.016255876
516 0.016254878
517 0.016238574
518 0.016231807
519 0.016231334
520 0.016230626
521 0.016229572
522 0.016226497
523 0.01621828
524 0.016217655
525 0.016208574
526 0.016199758
527 0.01619575
528 0.016193036
529 0.01619207
530 0.01618562
531 0.016165353
532 0.01614979
533 0.01614962
534 0.01614936
535 0.016148876
536 0.016106196
537 0.01610229
538 0.016102165
539 0.016099963
540 0.01609695
541 0.016094375
542 0.016089948
543 0.016077641
544 0.016071262
545 0.016049653
546 0.016049527
547 0.016049132
548 0.016047422
549 0.01604694
550 0.016045237
551 0.016043553
552 0.016013471
553 0.016012913
554 0.01601127
555 0.016010696
556 0.016008971
557 0.016006963
558 0.016006457
559 0.016002525
560 0.016001403
561 0.01600068
562 0.015952196
563 0.01592887
564 0.015903614
565 0.01590063
566 0.015900247
567 0.015898157
568 0.015893051
569 0.015882801
570 0.015880505
571 0.015879933
572 0.015877366
573 0.01586738
574 0.015848929
575 0.015847899
576 0.015847826
577 0.015845196
578 0.015829027
579 0.015827253
580 0.015826866
581 0.015811723
582 0.015810886
583 0.015808698
584 0.015803067
585 0.015795302
586 0.015795017
587 0.015794646
588 0.01579456
589 0.015783144
590 0.015782617
591 0.01577809
592 0.015777873
593 0.015777724
594 0.015777098
595 0.0157718
596 0.01576679
597 0.015765695
598 0.01576484
599 0.015750656
600 0.015725257
601 0.01572346
602 0.015720673
603 0.015706457
604 0.01569073
605 0.015690723
606 0.015690012
607 0.015689729
608 0.015675066
609 0.015673328
610 0.015672304
611 0.015671564
612 0.015671464
613 0.015670499
614 0.015667565
615 0.015667528
616 0.015662795
617 0.015662052
618 0.01565858
619 0.015643107
620 0.015634961
621 0.015630541
622 0.015627775
623 0.015627678
624 0.015625693
625 0.015624228
626 0.01562415
627 0.015624107
628 0.015623397
629 0.015623337
630 0.015620635
631 0.015618491
632 0.015616721
633 0.015614868
634 0.015612661
635 0.015612524
636 0.015612424
637 0.015611305
638 0.01560952
639 0.015600308
640 0.015600159
641 0.01559958
642 0.015599407
643 0.01559911
644 0.015596378
645 0.015592215
646 0.015588419
647 0.015588403
648 0.015587239
649 0.015586599
650 0.015572575
651 0.015571341
652 0.015565534
653 0.015562557
654 0.015559273
655 0.01554558
656 0.01552202
657 0.01551057
658 0.015509503
659 0.015508578
660 0.015507984
661 0.01550379
662 0.0155031355
663 0.015503126
664 0.015495012
665 0.015492413
666 0.015491015
667 0.015489096
668 0.01548882
669 0.015482286
670 0.015482225
671 0.015481546
672 0.015481391
673 0.015481179
674 0.015481082
675 0.015476591
676 0.01547647
677 0.015474709
678 0.0154688135
679 0.015463387
680 0.015446891
681 0.015446261
682 0.015445493
683 0.015442759
684 0.015440178
685 0.015437858
686 0.015437515
687 0.015414022
688 0.015405605
689 0.01540552
690 0.015405107
691 0.015403303
692 0.015399874
693 0.015399529
694 0.01539938
695 0.015399338
696 0.015398679
697 0.015393801
698 0.015393543
699 0.015393061
700 0.015393027
701 0.015392742
702 0.015391921
703 0.0153908925
704 0.015390232
705 0.015390132
706 0.015381429
707 0.0153804105
708 0.015380311
709 0.015373685
710 0.015364361
711 0.015364328
712 0.015362851
713 0.015359589
714 0.0153586455
715 0.015358518
716 0.015355613
717 0.015342387
718 0.015341468
719 0.01534126
720 0.015341104
721 0.015336711
722 0.015336462
723 0.015332254
724 0.015321856
725 0.015310298
726 0.015294609
727 0.015294209
728 0.015293818
729 0.015293366
730 0.015292626
731 0.015290643
732 0.0152900545
733 0.015288214
734 0.015285249
735 0.015284985
736 0.015283371
737 0.015273669
738 0.015270433
739 0.015270306
740 0.015269955
741 0.015258739
742 0.0152586475
743 0.015257544
744 0.015257426
745 0.015249742
746 0.015249632
747 0.015248811
748 0.01524798
749 0.0152479615
750 0.015247613
751 0.01524741
752 0.015246249
753 0.015242146
754 0.0152408
755 0.015240676
756 0.015236491
757 0.015234162
758 0.01522707
759 0.015227
760 0.015225133
761 0.015215299
762 0.015209344
763 0.015205884
764 0.01520586
765 0.015203849
766 0.015203462
767 0.015203255
768 0.015199872
769 0.015199799
770 0.015175241
771 0.015175162
772 0.015162024
773 0.015150438
774 0.015141244
775 0.0151371695
776 0.015136672
777 0.0151353525
778 0.015135162
779 0.015135034
780 0.015121335
781 0.015120283
782 0.015120204
783 0.015116687
784 0.015114637
785 0.015110832
786 0.015101514
787 0.015099401
788 0.015099221
789 0.015099143
790 0.015090707
791 0.015086362
792 0.015080273
793 0.015080061
794 0.015078878
795 0.015075285
796 0.015070697
797 0.015060664
798 0.015057211
799 0.015047183
800 0.0150471525
801 0.015035703
802 0.01503081
803 0.015020925
804 0.015018505
805 0.015013147
806 0.015008862
807 0.015005554
808 0.015001779
809 0.015001385
810 0.015001282
811 0.014999833
812 0.014993389
813 0.014992728
814 0.0149854785
815 0.014982794
816 0.014982343
817 0.014969866
818 0.014969732
819 0.014967203
820 0.014963837
821 0.014959547
822 0.0149595225
823 0.014959223
824 0.014920493
825 0.014916323
826 0.014912945
827 0.014868454
828 0.0148682725
829 0.014868266
830 0.014861478
831 0.014858142
832 0.014845897
833 0.014845853
834 0.014841198
835 0.014840022
836 0.01483682
837 0.014831234
838 0.01481748
839 0.014817195
840 0.014817059
841 0.014816789
842 0.014815958
843 0.0148097575
844 0.014806022
845 0.014805936
846 0.014804287
847 0.014803502
848 0.014803492
849 0.014790081
850 0.014789924
851 0.014780612
852 0.014775057
853 0.014767022
854 0.014760387
855 0.014760302
856 0.014756688
857 0.014753356
858 0.01474962
859 0.014749487
860 0.014746675
861 0.014744881
862 0.0147385765
863 0.014737767
864 0.01473303
865 0.014732615
866 0.014730996
867 0.014722355
868 0.014722276
869 0.014716627
870 0.014713907
871 0.014713067
872 0.014709828
873 0.0147045795
874 0.014704168
875 0.014700717
876 0.014700635
877 0.014688949
878 0.014688725
879 0.014688527
880 0.014687136
881 0.014677135
882 0.014672897
883 0.014671398
884 0.0146628665
885 0.014658415
886 0.014652914
887 0.014651386
888 0.014651383
889 0.014647517
890 0.014645486
891 0.014644625
892 0.014640377
893 0.014621101
894 0.014620925
895 0.014620907
896 0.014620458
897 0.014616492
898 0.014613899
899 0.0146131115
900 0.014612735
901 0.01459933
902 0.014594421
903 0.014593738
904 0.014591825
905 0.014587374
906 0.014584187
907 0.014580424
908 0.014580306
909 0.014575288
910 0.014567993
911 0.0145674795
912 0.014549623
913 0.014546197
914 0.014541027
915 0.014540512
916 0.014536239
917 0.014527564
918 0.01451912
919 0.014514674
920 0.014514535
921 0.014507173
922 0.014494022
923 0.014491627
924 0.0144916
925 0.014486994
926 0.014486808
927 0.014486781
928 0.014483992
929 0.014476533
930 0.014473943
931 0.014472378
932 0.014470268
933 0.014453339
934 0.014452181
935 0.014450702
936 0.01444987
937 0.014449674
938 0.014444419
939 0.014444246
940 0.0144392215
941 0.014439079
942 0.014438345
943 0.014431529
944 0.014431147
945 0.014421635
946 0.014421177
947 0.014388481
948 0.014387368
949 0.01438342
950 0.014383411
951 0.014382047
952 0.014373478
953 0.014373243
954 0.014372666
955 0.014370711
956 0.014369056
957 0.014368913
958 0.014368834
959 0.014368246
960 0.014367986
961 0.014367691
962 0.01435524
963 0.0143550495
964 0.014347218
965 0.0143382335
966 0.014334119
967 0.014331014
968 0.014330502
969 0.014327369
970 0.014323391
971 0.014323335
972 0.014316179
973 0.014315464
974 0.014314083
975 0.014305217
976 0.014299502
977 0.014298307
978 0.01429777
979 0.014292234
980 0.014292207
981 0.014290447
982 0.014288993
983 0.014287064
984 0.014286154
985 0.014282164
986 0.014281773
987 0.014275665
988 0.0142726395
989 0.014271096
990 0.014270754
991 0.014270387
992 0.014244729
993 0.014243067
994 0.014239034
995 0.014235793
996 0.014234935
997 0.014213958
998 0.014188809
999 0.0141830845
1000 0.014178842
1001 0.014173788
1002 0.014170719
1003 0.014170628
1004 0.014169576
1005 0.014169497
1006 0.01416845
1007 0.014160827
1008 0.014160574
1009 0.014155296
1010 0.014154101
1011 0.014153516
1012 0.014153383
1013 0.014151642
1014 0.014148971
1015 0.014148504
1016 0.01414753
1017 0.014147354
1018 0.014144283
1019 0.014144222
1020 0.014140705
1021 0.014140484
1022 0.014137321
1023 0.0141365845
1024 0.014136435
1025 0.014136384
1026 0.014136278
1027 0.014134883
1028 0.014128476
1029 0.014128455
1030 0.014113758
1031 0.014110693
1032 0.014096587
1033 0.01409326
1034 0.014093221
1035 0.014088791
1036 0.014088742
1037 0.014088218
1038 0.014080416
1039 0.014080128
1040 0.014074373
1041 0.0140739875
1042 0.014068809
1043 0.014068727
1044 0.014068451
1045 0.014059828
1046 0.0140427835
1047 0.014041998
1048 0.014033302
1049 0.014033099
1050 0.01403218
1051 0.014029855
1052 0.0140246395
1053 0.014024493
1054 0.014024239
1055 0.014021349
1056 0.014017995
1057 0.014016646
1058 0.014016407
1059 0.014006019
1060 0.014005898
1061 0.014003781
1062 0.014001497
1063 0.014001122
1064 0.013991628
1065 0.013991264
1066 0.013990602
1067 0.0139881745
1068 0.013988068
1069 0.013987589
1070 0.013985715
1071 0.013985637
1072 0.013985624
1073 0.013985312
1074 0.013981815
1075 0.0139658665
1076 0.013955994
1077 0.013941333
1078 0.01393435
1079 0.013925186
1080 0.0139246015
1081 0.0139241405
1082 0.013923868
1083 0.013921093
1084 0.0139208995
1085 0.013920496
1086 0.013918046
1087 0.013914808
1088 0.013914613
1089 0.013907861
1090 0.013904732
1091 0.013896038
1092 0.013894504
1093 0.013887839
1094 0.013882839
1095 0.013878012
1096 0.013876684
1097 0.013872806
1098 0.013869571
1099 0.013864
1100 0.013861484
1101 0.013858773
1102 0.013858457
1103 0.013858269
1104 0.013857208
1105 0.013857175
1106 0.013856917
1107 0.013850534
1108 0.013850452
1109 0.013847803
1110 0.013839087
1111 0.0138387
1112 0.013837775
1113 0.0138364555
1114 0.013834118
1115 0.013833787
1116 0.013821895
1117 0.013821074
1118 0.013820603
1119 0.013817221
1120 0.013805611
1121 0.013802988
1122 0.013801893
1123 0.013800862
1124 0.013796803
1125 0.013796178
1126 0.013794808
1127 0.013792976
1128 0.013792833
1129 0.013792575
1130 0.01378777
1131 0.013781502
1132 0.0137785915
1133 0.013775035
1134 0.01377222
1135 0.013771568
1136 0.013771411
1137 0.013770262
1138 0.013767548
1139 0.013764097
1140 0.013753266
1141 0.013752384
1142 0.013745486
1143 0.013745159
1144 0.013742957
1145 0.013742742
1146 0.013738696
1147 0.013737075
1148 0.013729637
1149 0.013728175
1150 0.013726456
1151 0.013726283
1152 0.013723448
1153 0.01372332
1154 0.013719746
1155 0.01371118
1156 0.013705428
1157 0.01370329
1158 0.0137032475
1159 0.01370211
1160 0.013698333
1161 0.013697056
1162 0.013696568
1163 0.013694475
1164 0.013693557
1165 0.013693314
1166 0.013684324
1167 0.013682492
1168 0.0136797335
1169 0.01367956
1170 0.013678787
1171 0.013676061
1172 0.013673138
1173 0.0136730075
1174 0.013670834
1175 0.013667183
1176 0.013666471
1177 0.013666176
1178 0.013662583
1179 0.01366043
1180 0.013658638
1181 0.013647285
1182 0.013646546
1183 0.013646094
1184 0.013646034
1185 0.013624539
1186 0.013624392
1187 0.013624232
1188 0.01362297
1189 0.013620842
1190 0.013617325
1191 0.013617267
1192 0.0136154
1193 0.013615384
1194 0.013614108
1195 0.013613925
1196 0.013607455
1197 0.01360693
1198 0.013597409
1199 0.013597337
1200 0.013593198
1201 0.013592991
1202 0.0135886315
1203 0.013576557
1204 0.01357297
1205 0.013572749
1206 0.0135726575
1207 0.013572652
1208 0.013571536
1209 0.013565037
1210 0.013555789
1211 0.013555741
1212 0.013551597
1213 0.013550656
1214 0.013550438
1215 0.01354978
1216 0.013549486
1217 0.013549441
1218 0.013546811
1219 0.013545065
1220 0.013544626
1221 0.013542284
1222 0.013540353
1223 0.013540319
1224 0.013540287
1225 0.01353142
1226 0.013531029
1227 0.013528719
1228 0.013527275
1229 0.01352726
1230 0.013525486
1231 0.013524689
1232 0.013518245
1233 0.013516371
1234 0.013507029
1235 0.013504679
1236 0.013497714
1237 0.013497172
1238 0.013494833
1239 0.013493257
1240 0.013493187
1241 0.0134920925
1242 0.013492053
1243 0.013492023
1244 0.013490234
1245 0.013486538
1246 0.013486204
1247 0.01348608
1248 0.0134825865
1249 0.013481616
1250 0.01348161
1251 0.013480362
1252 0.013480219
1253 0.013480049
1254 0.013479991
1255 0.013478039
1256 0.013476944
1257 0.013475549
1258 0.013472402
1259 0.01346833
1260 0.013468311
1261 0.013467632
1262 0.013465201
1263 0.01346409
1264 0.013463441
1265 0.013462886
1266 0.013462847
1267 0.013461543
1268 0.0134605765
1269 0.013460379
1270 0.013459448
1271 0.013453787
1272 0.013452065
1273 0.013451954
1274 0.013451715
1275 0.013450757
1276 0.01345069
1277 0.01344861
1278 0.013446663
1279 0.013442857
1280 0.013441578
1281 0.013441499
1282 0.013440331
1283 0.013440213
1284 0.013440044
1285 0.013439571
1286 0.0134394765
1287 0.013439407
1288 0.013432909
1289 0.013431093
1290 0.013430547
1291 0.01342665
1292 0.01342649
1293 0.013421942
1294 0.0134218475
1295 0.013413519
1296 0.013410453
1297 0.013409888
1298 0.013409309
1299 0.0134070385
1300 0.013405095
1301 0.013404958
1302 0.013404803
1303 0.013399319
1304 0.013399261
1305 0.013392348
1306 0.013388463
1307 0.013387557
1308 0.013382035
1309 0.0133763645
1310 0.013375989
1311 0.0133758765
1312 0.013375398
1313 0.013374043
1314 0.013366823
1315 0.013359782
1316 0.013359706
1317 0.013357129
1318 0.013357023
1319 0.01335684
1320 0.013353908
1321 0.0133534325
1322 0.013345983
1323 0.01334242
1324 0.013342371
1325 0.013340582
1326 0.01333896
1327 0.013338532
1328 0.013334773
1329 0.013333972
1330 0.013333947
1331 0.01333366
1332 0.013329354
1333 0.013322917
1334 0.01332282
1335 0.013322768
1336 0.013322746
1337 0.013322543
1338 0.013320894
1339 0.0133207785
1340 0.013320737
1341 0.0133205
1342 0.013319011
1343 0.0133186355
1344 0.013317707
1345 0.013317568
1346 0.0133132255
1347 0.013309466
1348 0.0133082345
1349 0.013308135
1350 0.01330486
1351 0.013304445
1352 0.013301149
1353 0.013299951
1354 0.013299696
1355 0.013298295
1356 0.013293938
1357 0.013293713
1358 0.0132936565
1359 0.013289763
1360 0.013284811
1361 0.013284562
1362 0.013284508
1363 0.013281152
1364 0.0132810725
1365 0.013280133
1366 0.013280096
1367 0.01327798
1368 0.013277977
1369 0.013269641
1370 0.013251566
1371 0.013249465
1372 0.0132492725
1373 0.0132442145
1374 0.013231407
1375 0.013231346
1376 0.013231173
1377 0.0132311275
1378 0.013230885
1379 0.013229727
1380 0.013226573
1381 0.013226104
1382 0.013226092
1383 0.013225573
1384 0.013225346
1385 0.013225312
1386 0.013220006
1387 0.01321734
1388 0.013211767
1389 0.013209187
1390 0.013205803
1391 0.013205612
1392 0.013205564
1393 0.013204038
1394 0.013202531
1395 0.01320071
1396 0.013197422
1397 0.013196668
1398 0.013194263
1399 0.013185697
1400 0.013183984
1401 0.0131835565
1402 0.013167322
1403 0.013166215
1404 0.013159038
1405 0.013158953
1406 0.013158907
1407 0.013156773
1408 0.013156369
1409 0.01315627
1410 0.013156048
1411 0.0131488675
1412 0.013148013
1413 0.013145436
1414 0.013139953
1415 0.013138286
1416 0.013135114
1417 0.013135061
1418 0.013135058
1419 0.013134012
1420 0.013129719
1421 0.013125759
1422 0.013125243
1423 0.013125179
1424 0.013125146
1425 0.013125079
1426 0.013123957
1427 0.013123763
1428 0.013123748
1429 0.0131203
1430 0.01312014
1431 0.013119957
1432 0.013118144
1433 0.013110934
1434 0.013108712
1435 0.013105406
1436 0.013105349
1437 0.01310469
1438 0.013103644
1439 0.01309819
1440 0.013098114
1441 0.01309396
1442 0.013090897
1443 0.013089099
1444 0.01308805
1445 0.013086273
1446 0.013086134
1447 0.013085051
1448 0.013083247
1449 0.01308318
1450 0.013082489
1451 0.013082468
1452 0.013081003
1453 0.013079629
1454 0.013070703
1455 0.013070682
1456 0.013068787
1457 0.013068568
1458 0.013068029
1459 0.013059426
1460 0.013057946
1461 0.013055024
1462 0.013054605
1463 0.013054575
1464 0.013054526
1465 0.013052043
1466 0.0130519215
1467 0.013051798
1468 0.013051658
1469 0.01304271
1470 0.013039508
1471 0.013037719
1472 0.013036048
1473 0.013034198
1474 0.013032922
1475 0.013032901
1476 0.013032873
1477 0.013030566
1478 0.013023352
1479 0.013021536
1480 0.01302136
1481 0.013021336
1482 0.013021157
1483 0.01302109
1484 0.013017849
1485 0.0130156055
1486 0.013015511
1487 0.0130136795
1488 0.013007983
1489 0.013006096
1490 0.013002894
1491 0.013002066
1492 0.0130017
1493 0.013001606
1494 0.013001445
1495 0.012998958
1496 0.012997794
1497 0.012995389
1498 0.012984407
1499 0.012976338
1500 0.01297572
1501 0.012962215
1502 0.012960274
1503 0.012958639
1504 0.012958564
1505 0.012958455
1506 0.012958424
1507 0.012958354
1508 0.012957472
1509 0.0129558435
1510 0.0129547855
1511 0.012952057
1512 0.012948964
1513 0.012948003
1514 0.012947754
1515 0.012947675
1516 0.012947487
1517 0.012942663
1518 0.012942608
1519 0.012941392
1520 0.0129405735
1521 0.012935698
1522 0.012933264
1523 0.012933148
1524 0.012933085
1525 0.012931726
1526 0.012926008
1527 0.012923142
1528 0.012917793
1529 0.012912762
1530 0.012907838
1531 0.01290735
1532 0.012901728
1533 0.012899888
1534 0.012889021
1535 0.01288873
1536 0.012888672
1537 0.011872375
1538 0.011871035
1539 0.011871017
1540 0.0118694035
1541 0.011869397
1542 0.011869397
1543 0.011869053
1544 0.011867991
1545 0.011866503
1546 0.011863932
1547 0.011863881
1548 0.011860366
1549 0.011860054
1550 0.01185917
1551 0.011856532
1552 0.011855174
1553 0.01185438
1554 0.011850963
1555 0.011850292
1556 0.011850126
1557 0.011848078
1558 0.011841411
1559 0.011840643
1560 0.011839288
1561 0.011838977
1562 0.011834293
1563 0.011834192
1564 0.011834107
1565 0.011830015
1566 0.011829674
1567 0.011826254
1568 0.011825757
1569 0.011824057
1570 0.011822225
1571 0.011822162
1572 0.011818676
1573 0.011818548
1574 0.0118184155
1575 0.011817094
1576 0.011817015
1577 0.011815771
1578 0.011815478
1579 0.011812345
1580 0.011811797
1581 0.011809428
1582 0.011808928
1583 0.011806257
1584 0.011806185
1585 0.011805994
1586 0.011805109
1587 0.0118049225
1588 0.01180088
1589 0.011800813
1590 0.011799833
1591 0.011799686
1592 0.011794004
1593 0.011792731
1594 0.0117926905
1595 0.011788095
1596 0.011786557
1597 0.0117833195
1598 0.011779866
1599 0.011777478
1600 0.011777041
1601 0.011775118
1602 0.011774943
1603 0.011772673
1604 0.01177253
1605 0.011772378
1606 0.01177144
1607 0.011763778
1608 0.011763285
1609 0.011755691
1610 0.011755404
1611 0.011755303
1612 0.011754404
1613 0.01175346
1614 0.01175261
1615 0.011752347
1616 0.011752325
1617 0.011749071
1618 0.01174526
1619 0.011743607
1620 0.011742625
1621 0.011740873
1622 0.011740863
1623 0.011740226
1624 0.011740184
1625 0.011739057
1626 0.011737546
1627 0.0117361555
1628 0.011735901
1629 0.011734759
1630 0.011734045
1631 0.0117305145
1632 0.011730456
1633 0.011730416
1634 0.011728047
1635 0.011726992
1636 0.011726893
1637 0.011726858
1638 0.01172452
1639 0.011723565
1640 0.011723362
1641 0.011723339
1642 0.01172321
1643 0.011723198
1644 0.011723104
1645 0.011722433
1646 0.011720539
1647 0.0117204795
1648 0.011717481
1649 0.011716204
1650 0.011714994
1651 0.011710862
1652 0.01170886
1653 0.011706337
1654 0.011696741
1655 0.011696587
1656 0.01169607
1657 0.011693857
1658 0.011693357
1659 0.011691024
1660 0.01169065
1661 0.01168902
1662 0.011688869
1663 0.011681344
1664 0.0116813155
1665 0.011681262
1666 0.011679618
1667 0.011676636
1668 0.011674663
1669 0.011674496
1670 0.011673317
1671 0.01167297
1672 0.011671313
1673 0.011669944
1674 0.011669546
1675 0.011669401
1676 0.011665033
1677 0.011664492
1678 0.011659571
1679 0.011659555
1680 0.011657932
1681 0.011657847
1682 0.011657845
1683 0.011657136
1684 0.01165382
1685 0.0116524
1686 0.011651268
1687 0.011650862
1688 0.01164716
1689 0.01164706
1690 0.011646019
1691 0.011645367
1692 0.011643303
1693 0.011637345
1694 0.011631764
1695 0.011629926
1696 0.011629341
1697 0.011628213
1698 0.011626908
1699 0.01162669
1700 0.011623186
1701 0.011623142
1702 0.011621844
1703 0.011620279
1704 0.011620016
1705 0.011614126
1706 0.011613651
1707 0.011613454
1708 0.011613107
1709 0.011612728
1710 0.011610652
1711 0.011604453
1712 0.011604009
1713 0.0116027305
1714 0.011602115
1715 0.011601809
1716 0.011598855
1717 0.011598819
1718 0.011598432
1719 0.0115982685
1720 0.011598234
1721 0.011593938
1722 0.011589093
1723 0.011587989
1724 0.011587411
1725 0.011585452
1726 0.011585321
1727 0.011583911
1728 0.011581991
1729 0.011579188
1730 0.011579026
1731 0.01157015
1732 0.011570128
1733 0.011568979
1734 0.0115686115
1735 0.011568123
1736 0.011559978
1737 0.011559196
1738 0.011559168
1739 0.011559135
1740 0.0115586715
1741 0.011558063
1742 0.0115580335
1743 0.011557607
1744 0.011556749
1745 0.011554023
1746 0.011553934
1747 0.01155015
1748 0.011550089
1749 0.011549842
1750 0.011548696
1751 0.011547067
1752 0.011547047
1753 0.011546386
1754 0.011545311
1755 0.011541559
1756 0.011535581
1757 0.011535533
1758 0.011535044
1759 0.011534074
1760 0.011533141
1761 0.011532649
1762 0.011532534
1763 0.01153142
1764 0.011530971
1765 0.011528325
1766 0.01152831
1767 0.011524373
1768 0.011523805
1769 0.011523094
1770 0.011519907
1771 0.011519842
1772 0.011519835
1773 0.0115193715
1774 0.011519284
1775 0.0115180295
1776 0.011518013
1777 0.011515448
1778 0.011515422
1779 0.01151235
1780 0.0115119545
1781 0.011511345
1782 0.011510757
1783 0.011509617
1784 0.0115091195
1785 0.011508911
1786 0.011508383
1787 0.011508351
1788 0.011508327
1789 0.01150824
1790 0.011508195
1791 0.01150797
1792 0.011507895
1793 0.01150527
1794 0.011501822
1795 0.011499794
1796 0.011498852
1797 0.011496435
1798 0.011486823
1799 0.011486762
1800 0.011485875
1801 0.011485043
1802 0.011484999
1803 0.0114829475
1804 0.011481877
1805 0.011481161
1806 0.011480267
1807 0.011479934
1808 0.01147923
1809 0.011477631
1810 0.011476465
1811 0.011473717
1812 0.011473263
1813 0.011473102
1814 0.0114694815
1815 0.011468697
1816 0.011466652
1817 0.011466599
1818 0.011457172
1819 0.011450914
1820 0.01145032
1821 0.011450302
1822 0.011447731
1823 0.011446118
1824 0.011445183
1825 0.011443681
1826 0.011443587
1827 0.0114406925
1828 0.011440663
1829 0.011440585
1830 0.011438946
1831 0.011438751
1832 0.011437908
1833 0.011434301
1834 0.011434204
1835 0.011434188
1836 0.011433924
1837 0.011433855
1838 0.011432848
1839 0.011432502
1840 0.0114317145
1841 0.011430988
1842 0.011427134
1843 0.011426981
1844 0.011426202
1845 0.011425978
1846 0.011425184
1847 0.011424496
1848 0.011422155
1849 0.011419125
1850 0.011419065
1851 0.011418253
1852 0.011418077
1853 0.011413838
1854 0.011412676
1855 0.011410503
1856 0.011410435
1857 0.011410034
1858 0.011409344
1859 0.0114090135
1860 0.011409003
1861 0.011408905
1862 0.011407441
1863 0.011407434
1864 0.011406296
1865 0.011404787
1866 0.011403725
1867 0.011403426
1868 0.011403421
1869 0.011400975
1870 0.011400315
1871 0.011399526
1872 0.011398432
1873 0.011396583
1874 0.011394558
1875 0.011393953
1876 0.011392097
1877 0.011392029
1878 0.011391981
1879 0.011389916
1880 0.011388968
1881 0.011388955
1882 0.011384758
1883 0.011384636
1884 0.011384596
1885 0.011383826
1886 0.011382803
1887 0.011381286
1888 0.011381268
1889 0.011378519
1890 0.011378275
1891 0.011375699
1892 0.011375414
1893 0.01137534
1894 0.011369347
1895 0.011369209
1896 0.011367678
1897 0.011367004
1898 0.011365173
1899 0.011364833
1900 0.0113626
1901 0.011362547
1902 0.011361943
1903 0.011361854
1904 0.011360024
1905 0.0113599915
1906 0.01135905
1907 0.0113590015
1908 0.011358995
1909 0.011358394
1910 0.011358097
1911 0.011358051
1912 0.011357514
1913 0.0113574285
1914 0.011357384
1915 0.01135731
1916 0.011357294
1917 0.011354471
1918 0.011354403
1919 0.011353306
1920 0.01135326
1921 0.011352679
1922 0.011346323
1923 0.011346248
1924 0.011346
1925 0.011344122
1926 0.011341156
1927 0.01134092
1928 0.011340241
1929 0.011339715
1930 0.0113394
1931 0.011338662
1932 0.01133775
1933 0.011337547
1934 0.011337307
1935 0.011337112
1936 0.011335581
1937 0.011335432
1938 0.011332953
1939 0.011332106
1940 0.011331581
1941 0.011324898
1942 0.0113248695
1943 0.011314499
1944 0.011314484
1945 0.011313964
1946 0.011313135
1947 0.011311729
1948 0.011310779
1949 0.011310242
1950 0.0113089215
1951 0.011307449
1952 0.011306434
1953 0.011305013
1954 0.011304937
1955 0.011304666
1956 0.011304602
1957 0.0113045825
1958 0.011304508
1959 0.011303476
1960 0.011302834
1961 0.011301994
1962 0.011301552
1963 0.011300997
1964 0.011299635
1965 0.011299552
1966 0.011296836
1967 0.01129681
1968 0.011296802
1969 0.011296778
1970 0.0112952115
1971 0.011293471
1972 0.011293429
1973 0.011291247
1974 0.011289332
1975 0.011288683
1976 0.011285201
1977 0.011284792
1978 0.011284746
1979 0.011284196
1980 0.011284155
1981 0.011284083
1982 0.011283131
1983 0.011283085
1984 0.0112826815
1985 0.011282216
1986 0.011281312
1987 0.011280942
1988 0.011280915
1989 0.011280654
1990 0.011276759
1991 0.011275004
1992 0.011274943
1993 0.011274773
1994 0.011274361
1995 0.011273937
1996 0.011273845
1997 0.011273795
1998 0.01127175
1999 0.011271693
2000 0.011271102
2001 0.011271078
2002 0.011270737
2003 0.011270605
2004 0.011269582
2005 0.011269211
2006 0.011269203
2007 0.011268392
2008 0.011267642
2009 0.011267487
2010 0.01126135
2011 0.011261344
2012 0.011260987
2013 0.011259874
2014 0.011255214
2015 0.011253528
2016 0.011252148
2017 0.011250706
2018 0.01125023
2019 0.011250062
2020 0.011249997
2021 0.01124981
2022 0.011249227
2023 0.011249141
2024 0.011248706
2025 0.0112486705
2026 0.011247521
2027 0.011247468
2028 0.01124728
2029 0.011245707
2030 0.0112446025
2031 0.011244442
2032 0.011238319
2033 0.01123792
2034 0.011236654
2035 0.0112360595
2036 0.011234975
2037 0.011234157
2038 0.011232656
2039 0.011230192
2040 0.011228631
2041 0.011227893
2042 0.01122513
2043 0.011224554
2044 0.011224517
2045 0.011222618
2046 0.011217438
2047 0.011215929
2048 0.011215721
2049 0.011215038
2050 0.011214874
2051 0.01121398
2052 0.011208794
2053 0.011208209
2054 0.011207542
2055 0.011204839
2056 0.011204711
2057 0.011203901
2058 0.0112008955
2059 0.011198555
2060 0.011197575
2061 0.011197488
2062 0.01119745
2063 0.01119732
2064 0.0111944685
2065 0.011194424
2066 0.011187255
2067 0.01118379
2068 0.011183015
2069 0.011182999
2070 0.011182898
2071 0.011182755
2072 0.011182062
2073 0.011181741
2074 0.011181728
2075 0.011181705
2076 0.011181671
2077 0.011180275
2078 0.011178718
2079 0.011177993
2080 0.011177612
2081 0.011177385
2082 0.01117694
2083 0.011176921
2084 0.011175525
2085 0.011175507
2086 0.011175045
2087 0.011172649
2088 0.011172427
2089 0.011172358
2090 0.011170522
2091 0.011166993
2092 0.011166568
2093 0.0111646475
2094 0.011164218
2095 0.011163824
2096 0.011161997
2097 0.011161977
2098 0.011160828
2099 0.0111602
2100 0.011159294
2101 0.011157814
2102 0.011152305
2103 0.011151223
2104 0.011149417
2105 0.011149356
2106 0.01114905
2107 0.011148779
2108 0.0111485105
2109 0.011148278
2110 0.011147746
2111 0.011144786
2112 0.01114382
2113 0.011143597
2114 0.011143549
2115 0.011143465
2116 0.011142965
2117 0.011142794
2118 0.011142753
2119 0.011142306
2120 0.01114119
2121 0.011139336
2122 0.011139021
2123 0.01113796
2124 0.011137894
2125 0.0111378385
2126 0.011137452
2127 0.011137431
2128 0.011136011
2129 0.011135951
2130 0.011134217
2131 0.011133152
2132 0.011132333
2133 0.0111323
2134 0.011131019
2135 0.011130814
2136 0.011130689
2137 0.011129733
2138 0.011123266
2139 0.011123028
2140 0.011121768
2141 0.011121758
2142 0.011121616
2143 0.011120739
2144 0.011118761
2145 0.0111187175
2146 0.011118595
2147 0.011118584
2148 0.01111851
2149 0.011118341
2150 0.01111834
2151 0.011116718
2152 0.011115938
2153 0.011115855
2154 0.011115376
2155 0.011115162
2156 0.011112787
2157 0.011112269
2158 0.011111866
2159 0.011111817
2160 0.011110851
2161 0.011110808
2162 0.011110796
2163 0.0111100655
2164 0.01110969
2165 0.011109654
2166 0.011109156
2167 0.011108805
2168 0.011108753
2169 0.011108582
2170 0.011106114
2171 0.011105553
2172 0.011104272
2173 0.011104263
2174 0.011103199
2175 0.0111030545
2176 0.011099208
2177 0.011096586
2178 0.011096513
2179 0.011096419
2180 0.011096376
2181 0.011096205
2182 0.011095697
2183 0.011095683
2184 0.011095313
2185 0.011094799
2186 0.011090684
2187 0.011090662
2188 0.011090388
2189 0.0110903345
2190 0.011089598
2191 0.0110895755
2192 0.011087872
2193 0.011087596
2194 0.011085833
2195 0.011084102
2196 0.011084032
2197 0.011083791
2198 0.01108313
2199 0.01108248
2200 0.011082228
2201 0.011079064
2202 0.011078802
2203 0.0110724345
2204 0.011071326
2205 0.011069816
2206 0.011069332
2207 0.011069313
2208 0.011069298
2209 0.011067345
2210 0.011065366
2211 0.01106536
2212 0.011065336
2213 0.011065327
2214 0.011064711
2215 0.011062786
2216 0.011061265
2217 0.011061205
2218 0.0110597415
2219 0.011059732
2220 0.011059705
2221 0.01105836
2222 0.011056798
2223 0.011056729
2224 0.011055407
2225 0.011050455
2226 0.011049047
2227 0.011048943
2228 0.011047604
2229 0.0110474415
2230 0.011047431
2231 0.011045863
2232 0.011045789
2233 0.011045733
2234 0.011045669
2235 0.01104558
2236 0.011044829
2237 0.01104481
2238 0.011044237
2239 0.011043589
2240 0.011032309
2241 0.01103123
2242 0.011029341
2243 0.011028661
2244 0.011028506
2245 0.011026351
2246 0.0110263135
2247 0.011023346
2248 0.011021941
2249 0.011020584
2250 0.011020362
2251 0.0110180685
2252 0.011017714
2253 0.011017073
2254 0.011014674
2255 0.011014185
2256 0.011014107
2257 0.011013058
2258 0.011011739
2259 0.01101055
2260 0.011010062
2261 0.011009862
2262 0.011006794
2263 0.011004841
2264 0.011004806
2265 0.011004733
2266 0.011002325
2267 0.011001029
2268 0.011000306
2269 0.010998737
2270 0.010998718
2271 0.010998679
2272 0.010998677
2273 0.010998568
2274 0.010998358
2275 0.010997867
2276 0.01099765
2277 0.010997373
2278 0.01099654
2279 0.010995431
2280 0.010995394
2281 0.010995285
2282 0.010993333
2283 0.010991484
2284 0.010991425
2285 0.010991199
2286 0.010991026
2287 0.010990231
2288 0.010989499
2289 0.010989176
2290 0.010987151
2291 0.010987027
2292 0.010986799
2293 0.01098594
2294 0.010985892
2295 0.010982975
2296 0.010982841
2297 0.010982528
2298 0.010982486
2299 0.010981901
2300 0.01098178
2301 0.01098126
2302 0.010981147
2303 0.010980401
2304 0.010978824
2305 0.010977092
2306 0.010976852
2307 0.010976356
2308 0.010976346
2309 0.01097632
2310 0.010976156
2311 0.010975685
2312 0.010974766
2313 0.010973614
2314 0.010973058
2315 0.01097228
2316 0.010969019
2317 0.010968873
2318 0.010968535
2319 0.010968232
2320 0.010968232
2321 0.010967762
2322 0.010965427
2323 0.010965366
2324 0.010964629
2325 0.010958779
2326 0.010957752
2327 0.010956911
2328 0.010954459
2329 0.01095407
2330 0.010952372
2331 0.01095234
2332 0.010951025
2333 0.010950576
2334 0.010950492
2335 0.010950436
2336 0.010947642
2337 0.010947087
2338 0.010944684
2339 0.01094289
2340 0.010942692
2341 0.010942549
2342 0.010941488
2343 0.010938522
2344 0.0109379385
2345 0.010937872
2346 0.010937274
2347 0.010936729
2348 0.010935516
2349 0.010933763
2350 0.010933007
2351 0.010933002
2352 0.010931399
2353 0.010930649
2354 0.010930414
2355 0.010929717
2356 0.010929309
2357 0.010928342
2358 0.010928261
2359 0.010927328
2360 0.010926398
2361 0.0109263435
2362 0.0109263025
2363 0.010926203
2364 0.010925501
2365 0.010919075
2366 0.010919042
2367 0.010918995
2368 0.010917893
2369 0.010916181
2370 0.010914937
2371 0.010913609
2372 0.010913519
2373 0.01091012
2374 0.010909772
2375 0.010909555
2376 0.010909483
2377 0.010907705
2378 0.010907686
2379 0.010906589
2380 0.010906015
2381 0.010905326
2382 0.010905302
2383 0.010904764
2384 0.010903181
2385 0.010902251
2386 0.010899159
2387 0.010898588
2388 0.010897798
2389 0.010896096
2390 0.010894256
2391 0.010892245
2392 0.010892044
2393 0.010891943
2394 0.010891839
2395 0.0108874105
2396 0.010887278
2397 0.010885931
2398 0.010885027
2399 0.010881184
2400 0.010880386
2401 0.010879455
2402 0.010878975
2403 0.010877892
2404 0.01087733
2405 0.010876046
2406 0.010875972
2407 0.010875617
2408 0.010873743
2409 0.010873099
2410 0.010872983
2411 0.010872973
2412 0.010872785
2413 0.010872739
2414 0.010871138
2415 0.010871115
2416 0.010870724
2417 0.010870439
2418 0.010870429
2419 0.010870199
2420 0.01086988
2421 0.010869868
2422 0.010867043
2423 0.010866931
2424 0.010866472
2425 0.010865659
2426 0.0108650755
2427 0.010865006
2428 0.010864996
2429 0.010864897
2430 0.010864861
2431 0.010862142
2432 0.0108591
2433 0.010858326
2434 0.010858322
2435 0.010858226
2436 0.010858062
2437 0.010857998
2438 0.010852025
2439 0.010849586
2440 0.0108494945
2441 0.010848618
2442 0.010848497
2443 0.010846335
2444 0.010846285
2445 0.010845366
2446 0.01084447
2447 0.010844441
2448 0.0108433515
2449 0.010843296
2450 0.010843042
2451 0.010842876
2452 0.01084199
2453 0.010838891
2454 0.01083811
2455 0.010837547
2456 0.0108374655
2457 0.01083633
2458 0.010835378
2459 0.010835282
2460 0.010833421
2461 0.010832601
2462 0.010831728
2463 0.010830151
2464 0.010830137
2465 0.010830081
2466 0.010829919
2467 0.010829775
2468 0.010828248
2469 0.010827736
2470 0.010825122
2471 0.010824532
2472 0.010824334
2473 0.010823996
2474 0.010823119
2475 0.010823088
2476 0.01082301
2477 0.010822825
2478 0.010821536
2479 0.0108205285
2480 0.010820085
2481 0.010819689
2482 0.010817602
2483 0.010817575
2484 0.010808995
2485 0.010808739
2486 0.010807059
2487 0.010806101
2488 0.010806083
2489 0.010805464
2490 0.010804588
2491 0.010804158
2492 0.010803472
2493 0.010801959
2494 0.010800186
2495 0.010798807
2496 0.010797977
2497 0.010797499
2498 0.010797415
2499 0.0107964175
2500 0.010794327
2501 0.010794089
2502 0.010792029
2503 0.010791019
2504 0.010789147
2505 0.010789103
2506 0.010788994
2507 0.010788698
2508 0.010787486
2509 0.010787314
2510 0.010786855
2511 0.010786152
2512 0.010784508
2513 0.010784277
2514 0.010783917
2515 0.010783868
2516 0.0107826
2517 0.010781865
2518 0.010781857
2519 0.010781692
2520 0.010781379
2521 0.010781114
2522 0.010780781
2523 0.010778299
2524 0.010778189
2525 0.010778156
2526 0.010778086
2527 0.010777112
2528 0.010773687
2529 0.010773605
2530 0.010773446
2531 0.010772366
2532 0.010772334
2533 0.010770789
2534 0.010770765
2535 0.010770697
2536 0.01077067
2537 0.010770603
2538 0.010769482
2539 0.010769336
2540 0.010766457
2541 0.010766096
2542 0.010765752
2543 0.0107655
2544 0.010761937
2545 0.010761374
2546 0.010761191
2547 0.010759983
2548 0.010759313
2549 0.010758779
2550 0.0107581895
2551 0.010757695
2552 0.010755536
2553 0.010752933
2554 0.0107525615
2555 0.010750624
2556 0.010750219
2557 0.010749278
2558 0.01074726
2559 0.01074658
2560 0.010746327
2561 0.010744054
2562 0.010742833
2563 0.0107422
2564 0.010737914
2565 0.010737656
2566 0.010736467
2567 0.010736455
2568 0.010735769
2569 0.010735322
2570 0.010733922
2571 0.01073277
2572 0.010732585
2573 0.01073185
2574 0.01073178
2575 0.010731281
2576 0.010730418
2577 0.0107304035
2578 0.010730279
2579 0.010729887
2580 0.010728291
2581 0.01072514
2582 0.01072507
2583 0.010724901
2584 0.010722791
2585 0.010722769
2586 0.010721433
2587 0.010721266
2588 0.010720443
2589 0.01071588
2590 0.010715705
2591 0.010715675
2592 0.010715218
2593 0.010714653
2594 0.010714556
2595 0.010711937
2596 0.010711041
2597 0.010709777
2598 0.010709711
2599 0.010708126
2600 0.010708006
2601 0.010707518
2602 0.010707192
2603 0.010706229
2604 0.010706093
2605 0.010705722
2606 0.010702879
2607 0.0107002985
2608 0.010698253
2609 0.010697819
2610 0.010697518
2611 0.010696044
2612 0.010695497
2613 0.010694833
2614 0.010694763
2615 0.010694687
2616 0.01069461
2617 0.010692645
2618 0.010692633
2619 0.01069256
2620 0.010692384
2621 0.010692364
2622 0.010688496
2623 0.010688417
2624 0.010687617
2625 0.010687137
2626 0.010683967
2627 0.01068289
2628 0.010681884
2629 0.010681581
2630 0.010681579
2631 0.010680137
2632 0.010679425
2633 0.010679175
2634 0.010678833
2635 0.01067862
2636 0.010678562
2637 0.010678433
2638 0.0106784
2639 0.010677365
2640 0.010677297
2641 0.0106764
2642 0.0106754135
2643 0.01067533
2644 0.010674457
2645 0.010674023
2646 0.010672736
2647 0.010670983
2648 0.010670648
2649 0.010670623
2650 0.010669855
2651 0.010669837
2652 0.010660386
2653 0.010658929
2654 0.01065884
2655 0.010658562
2656 0.010658208
2657 0.010658066
2658 0.010658043
2659 0.010655665
2660 0.010654728
2661 0.010653869
2662 0.010651295
2663 0.010651236
2664 0.0106500415
2665 0.010649215
2666 0.010646121
2667 0.01064477
2668 0.010642969
2669 0.010641434
2670 0.010640187
2671 0.010637701
2672 0.010635969
2673 0.010635778
2674 0.010635035
2675 0.010634859
2676 0.010633695
2677 0.010633037
2678 0.010629045
2679 0.010628654
2680 0.010628642
2681 0.010627892
2682 0.010627325
2683 0.010626821
2684 0.010626236
2685 0.010624923
2686 0.010624735
2687 0.010622472
2688 0.0106213875
2689 0.010621169
2690 0.01062091
2691 0.010620081
2692 0.010619354
2693 0.01061935
2694 0.010618814
2695 0.010618207
2696 0.010618169
2697 0.010618087
2698 0.010617838
2699 0.0106175775
2700 0.010617285
2701 0.010616827
2702 0.010616447
2703 0.010616424
2704 0.010615855
2705 0.010615733
2706 0.010611471
2707 0.010611384
2708 0.010610676
2709 0.010609769
2710 0.010609577
2711 0.010609476
2712 0.010609399
2713 0.010608596
2714 0.010608225
2715 0.010608066
2716 0.010607415
2717 0.010606599
2718 0.010604754
2719 0.010603474
2720 0.01060195
2721 0.010601308
2722 0.010601204
2723 0.010601168
2724 0.010600748
2725 0.010599128
2726 0.010598308
2727 0.010598186
2728 0.01059815
2729 0.010598111
2730 0.010597619
2731 0.010595778
2732 0.010595761
2733 0.010595612
2734 0.010594863
2735 0.010594808
2736 0.01059438
2737 0.010593234
2738 0.010592048
2739 0.010591613
2740 0.010591105
2741 0.010590623
2742 0.010590614
2743 0.01059035
2744 0.0105894115
2745 0.010587173
2746 0.010586635
2747 0.010582136
2748 0.010582121
2749 0.0105805
2750 0.010580018
2751 0.010578476
2752 0.010578189
2753 0.010577525
2754 0.010575288
2755 0.010572509
2756 0.01057228
2757 0.010572163
2758 0.010572098
2759 0.010571491
2760 0.010571278
2761 0.010570452
2762 0.010569178
2763 0.010567787
2764 0.01056699
2765 0.010566697
2766 0.010566591
2767 0.010565314
2768 0.010565031
2769 0.010564337
2770 0.010562716
2771 0.010562695
2772 0.010561456
2773 0.010559519
2774 0.010559248
2775 0.01055915
2776 0.01055886
2777 0.01055835
2778 0.010558268
2779 0.010558208
2780 0.0105581395
2781 0.010558062
2782 0.010558048
2783 0.0105578825
2784 0.010557225
2785 0.010554371
2786 0.010554137
2787 0.010553934
2788 0.010553277
2789 0.0105530815
2790 0.010552415
2791 0.010551271
2792 0.010550991
2793 0.010549344
2794 0.0105493
2795 0.010548129
2796 0.010545965
2797 0.010545886
2798 0.0105457455
2799 0.010541926
2800 0.010541438
2801 0.01053982
2802 0.010538004
2803 0.010535363
2804 0.010533243
2805 0.010532184
2806 0.010530597
2807 0.010528677
2808 0.010528216
2809 0.0105281565
2810 0.010528016
2811 0.010527349
2812 0.010527159
2813 0.0105243595
2814 0.010524241
2815 0.010522535
2816 0.0105224475
2817 0.010522329
2818 0.010521456
2819 0.010521393
2820 0.01052088
2821 0.0105207935
2822 0.010520664
2823 0.010520449
2824 0.01052007
2825 0.010519341
2826 0.010516095
2827 0.010515269
2828 0.010513961
2829 0.010513678
2830 0.0105131185
2831 0.010511871
2832 0.010509312
2833 0.010509298
2834 0.010508836
2835 0.010508804
2836 0.010508767
2837 0.010508757
2838 0.010508719
2839 0.010508689
2840 0.010508269
2841 0.01050606
2842 0.010505432
2843 0.010505237
2844 0.010495796
2845 0.010495356
2846 0.010495199
2847 0.010492626
2848 0.010490819
2849 0.010490661
2850 0.010490088
2851 0.010489104
2852 0.010489088
2853 0.010488943
2854 0.010488267
2855 0.010487241
2856 0.010485352
2857 0.010484949
2858 0.010484468
2859 0.010483669
2860 0.010481002
2861 0.010479183
2862 0.010478222
2863 0.01047548
2864 0.010474742
2865 0.010473659
2866 0.010472086
2867 0.010471981
2868 0.010471678
2869 0.0104716085
2870 0.010470115
2871 0.010470021
2872 0.010469175
2873 0.010465575
2874 0.010464901
2875 0.01046479
2876 0.010464281
2877 0.010464162
2878 0.010464008
2879 0.010463308
2880 0.0104630925
2881 0.010462656
2882 0.01045978
2883 0.010447292
2884 0.010445553
2885 0.010445053
2886 0.01044231
2887 0.010442291
2888 0.010441907
2889 0.010441904
2890 0.010441716
2891 0.01044132
2892 0.010441313
2893 0.010438973
2894 0.010438322
2895 0.0104383
2896 0.010437284
2897 0.010434499
2898 0.010433207
2899 0.010433113
2900 0.010433099
2901 0.0104321735
2902 0.010432044
2903 0.01043031
2904 0.010428253
2905 0.01042823
2906 0.010428178
2907 0.01042756
2908 0.010427398
2909 0.010426825
2910 0.010424905
2911 0.010423997
2912 0.010423646
2913 0.010423603
2914 0.010423533
2915 0.010421834
2916 0.010421809
2917 0.010419449
2918 0.010416653
2919 0.010416066
2920 0.010414862
2921 0.010412275
2922 0.010412212
2923 0.010412184
2924 0.01040861
2925 0.010407091
2926 0.010405744
2927 0.010404394
2928 0.010403868
2929 0.0104038315
2930 0.01040383
2931 0.010403736
2932 0.010402371
2933 0.010402329
2934 0.010402303
2935 0.010401808
2936 0.010401054
2937 0.010399768
2938 0.0103996545
2939 0.01039907
2940 0.010398756
2941 0.010398616
2942 0.01039861
2943 0.010397015
2944 0.010396945
2945 0.0103969425
2946 0.010396218
2947 0.010395887
2948 0.010394642
2949 0.010394207
2950 0.010392044
2951 0.010390663
2952 0.010390449
2953 0.010389959
2954 0.010389677
2955 0.010389673
2956 0.010389627
2957 0.010386574
2958 0.010385676
2959 0.010385304
2960 0.010384049
2961 0.010383149
2962 0.010382844
2963 0.010382341
2964 0.010381034
2965 0.010379412
2966 0.01037884
2967 0.01037698
2968 0.01037689
2969 0.0103768455
2970 0.010376789
2971 0.01037673
2972 0.010375014
2973 0.010374804
2974 0.010374642
2975 0.010374637
2976 0.010374424
2977 0.010373425
2978 0.01037329
2979 0.010373268
2980 0.010371995
2981 0.01037072
2982 0.010370107
2983 0.010370086
2984 0.010369943
2985 0.010368714
2986 0.010368654
2987 0.01036812
2988 0.010368065
2989 0.0103678955
2990 0.01036727
2991 0.010367226
2992 0.010366447
2993 0.01036549
2994 0.010365466
2995 0.010364459
2996 0.0103632165
2997 0.010363155
2998 0.01036309
2999 0.010362769
3000 0.010361446
3001 0.010361424
3002 0.010361323
3003 0.010361102
3004 0.010359325
3005 0.010358822
3006 0.010357566
3007 0.010354995
3008 0.010354407
3009 0.01035429
3010 0.010350726
3011 0.0103506
3012 0.010350004
3013 0.010348635
3014 0.010347999
3015 0.01034621
3016 0.010344126
3017 0.010344028
3018 0.010342014
3019 0.010341978
3020 0.010341793
3021 0.010341085
3022 0.010338779
3023 0.010338775
3024 0.010337071
3025 0.010336875
3026 0.010336435
3027 0.010335914
3028 0.010333623
3029 0.010330377
3030 0.010328987
3031 0.010328552
3032 0.01032556
3033 0.010325537
3034 0.010325481
3035 0.010323641
3036 0.010323039
3037 0.010319104
3038 0.010318645
3039 0.010318619
3040 0.010318362
3041 0.010317575
3042 0.010317478
3043 0.010315736
3044 0.01031561
3045 0.010315482
3046 0.010315439
3047 0.010311476
3048 0.010311285
3049 0.010311228
3050 0.010310249
3051 0.0103101
3052 0.010307746
3053 0.010307695
3054 0.010307635
3055 0.010307342
3056 0.010305019
3057 0.010304981
3058 0.010304241
3059 0.010304109
3060 0.010302707
3061 0.010302443
3062 0.010302272
3063 0.010301274
3064 0.010300664
3065 0.010299203
3066 0.010296161
3067 0.01029574
3068 0.010295603
3069 0.010294291
3070 0.010294246
3071 0.010294159
3072 0.010293534
3073 0.010292295
3074 0.010291764
3075 0.010290474
3076 0.010290341
3077 0.010290122
3078 0.010288692
3079 0.010288446
3080 0.010288415
3081 0.010282545
3082 0.010281756
3083 0.010280564
3084 0.01027928
3085 0.010279212
3086 0.01027724
3087 0.010276645
3088 0.0102762785
3089 0.010276234
3090 0.010273977
3091 0.010273546
3092 0.010272462
3093 0.010272379
3094 0.010272078
3095 0.010271948
3096 0.010271292
3097 0.010270376
3098 0.010269593
3099 0.010269134
3100 0.01026896
3101 0.010268687
3102 0.010268685
3103 0.010268264
3104 0.0102681145
3105 0.010267195
3106 0.010266777
3107 0.0102664465
3108 0.010265375
3109 0.010264793
3110 0.010263506
3111 0.01026238
3112 0.0102621
3113 0.010257721
3114 0.010257036
3115 0.010256201
3116 0.010255541
3117 0.01025533
3118 0.010254736
3119 0.01025447
3120 0.010251948
3121 0.010251827
3122 0.010250607
3123 0.010249745
3124 0.010249139
3125 0.010248825
3126 0.010248268
3127 0.010248108
3128 0.010247759
3129 0.010247405
3130 0.010246129
3131 0.0102460915
3132 0.010244638
3133 0.010244609
3134 0.010244438
3135 0.010244059
3136 0.010244051
3137 0.010243987
3138 0.0102439625
3139 0.0102412645
3140 0.010240439
3141 0.010240432
3142 0.01023877
3143 0.0102382945
3144 0.010237697
3145 0.010236066
3146 0.010236061
3147 0.0102344295
3148 0.010233857
3149 0.0102334125
3150 0.0102333715
3151 0.010232631
3152 0.010232585
3153 0.010232148
3154 0.010231332
3155 0.010231199
3156 0.010229889
3157 0.010229718
3158 0.010223811
3159 0.010221871
3160 0.010221813
3161 0.010221591
3162 0.010221557
3163 0.010221547
3164 0.010219749
3165 0.010219732
3166 0.010218118
3167 0.010217583
3168 0.0102170855
3169 0.010216382
3170 0.010215666
3171 0.010215009
3172 0.010214939
3173 0.010214668
3174 0.010213988
3175 0.010209872
3176 0.010209787
3177 0.01020975
3178 0.010209719
3179 0.010209211
3180 0.010209115
3181 0.010208719
3182 0.010207635
3183 0.010206819
3184 0.010206641
3185 0.010203037
3186 0.010203035
3187 0.010202171
3188 0.010201705
3189 0.010201169
3190 0.010201132
3191 0.010200322
3192 0.010200186
3193 0.010199781
3194 0.010199751
3195 0.010199466
3196 0.0101993885
3197 0.010198979
3198 0.010198916
3199 0.010198546
3200 0.010197943
3201 0.010196905
3202 0.010196801
3203 0.010195938
3204 0.010194719
3205 0.01019443
3206 0.010193624
3207 0.010192915
3208 0.010191532
3209 0.01019153
3210 0.0101891365
3211 0.010186324
3212 0.010185901
3213 0.010185328
3214 0.010181282
3215 0.010181268
3216 0.010180712
3217 0.010176743
3218 0.010175216
3219 0.01017458
3220 0.010174287
3221 0.010174031
3222 0.010173041
3223 0.010172893
3224 0.010172836
3225 0.010172208
3226 0.01017208
3227 0.010169542
3228 0.010166964
3229 0.010166909
3230 0.01016686
3231 0.010166538
3232 0.010166473
3233 0.010165829
3234 0.010165372
3235 0.010165185
3236 0.010165173
3237 0.010165126
3238 0.010165066
3239 0.010163816
3240 0.010162846
3241 0.010162574
3242 0.010162559
3243 0.010162121
3244 0.010161686
3245 0.010160449
3246 0.010159063
3247 0.010152437
3248 0.010152
3249 0.010151797
3250 0.010151481
3251 0.010149516
3252 0.0101494165
3253 0.010149279
3254 0.01014862
3255 0.0101483455
3256 0.010146587
3257 0.0101443
3258 0.010143754
3259 0.010143247
3260 0.010143219
3261 0.010142528
3262 0.010136149
3263 0.010134854
3264 0.010134789
3265 0.010134517
3266 0.010134407
3267 0.010133384
3268 0.010132409
3269 0.010132394
3270 0.01013092
3271 0.010129393
3272 0.010128704
3273 0.01012864
3274 0.010127395
3275 0.010126858
3276 0.010126484
3277 0.010126461
3278 0.010125925
3279 0.010125914
3280 0.01012579
3281 0.010124805
3282 0.010124001
3283 0.010122747
3284 0.010122307
3285 0.010120976
3286 0.0101203
3287 0.010118619
3288 0.010118575
3289 0.010118426
3290 0.01011778
3291 0.010117672
3292 0.0101149995
3293 0.010111638
3294 0.010111513
3295 0.010109576
3296 0.010109234
3297 0.010108893
3298 0.010108567
3299 0.010107087
3300 0.010105051
3301 0.010104904
3302 0.010101626
3303 0.010099218
3304 0.010097103
3305 0.010096529
3306 0.010096308
3307 0.010095792
3308 0.010094613
3309 0.010094584
3310 0.010094466
3311 0.010094349
3312 0.010094287
3313 0.0100941295
3314 0.010093307
3315 0.0100923795
3316 0.010091917
3317 0.010091888
3318 0.01009187
3319 0.010091153
3320 0.010090861
3321 0.010090721
3322 0.0100906575
3323 0.01008991
3324 0.010089878
3325 0.010089268
3326 0.010088982
3327 0.010088731
3328 0.010086848
3329 0.010083689
3330 0.0100807855
3331 0.010079891
3332 0.0100796865
3333 0.010079587
3334 0.010079353
3335 0.010077461
3336 0.010074655
3337 0.010072783
3338 0.010072732
3339 0.0100725945
3340 0.010071984
3341 0.010067536
3342 0.010067461
3343 0.010065853
3344 0.010065184
3345 0.010064122
3346 0.010058921
3347 0.010058211
3348 0.010057827
3349 0.0100578265
3350 0.010054741
3351 0.010054683
3352 0.010052771
3353 0.010052752
3354 0.010051495
3355 0.0100513585
3356 0.010050513
3357 0.010048623
3358 0.01004594
3359 0.010044591
3360 0.010044259
3361 0.010043543
3362 0.01004354
3363 0.010043469
3364 0.010042996
3365 0.0100428015
3366 0.010042303
3367 0.010042285
3368 0.010041204
3369 0.010040739
3370 0.010040661
3371 0.010040604
3372 0.010040128
3373 0.010039865
3374 0.010038462
3375 0.010034395
3376 0.010034339
3377 0.010033838
3378 0.010033826
3379 0.01003215
3380 0.010032089
3381 0.010032056
3382 0.010031325
3383 0.010025935
3384 0.0100254575
3385 0.010025365
3386 0.010024184
3387 0.010023719
3388 0.010023687
3389 0.010023179
3390 0.010023137
3391 0.010022401
3392 0.010019995
3393 0.010019423
3394 0.010017863
3395 0.010017835
3396 0.010017525
3397 0.010016842
3398 0.0100164525
3399 0.010015439
3400 0.010015191
3401 0.010015101
3402 0.0100151
3403 0.010014753
3404 0.0100141205
3405 0.010014058
3406 0.0100139715
3407 0.010013874
3408 0.010013773
3409 0.01001364
3410 0.010013452
3411 0.01001173
3412 0.01001137
3413 0.010010567
3414 0.010010496
3415 0.0100095235
3416 0.010009507
3417 0.010008629
3418 0.010007598
3419 0.01000672
3420 0.010006536
3421 0.010006391
3422 0.0100055225
3423 0.010005016
3424 0.010004387
3425 0.010004361
3426 0.010003757
3427 0.010001541
3428 0.010001323
3429 0.010000829
3430 0.009998785
3431 0.009998682
3432 0.009998457
3433 0.009997868
3434 0.009997791
3435 0.009997584
3436 0.009996344
3437 0.009993232
3438 0.009991754
3439 0.00999174
3440 0.009991479
3441 0.009991462
3442 0.009991013
3443 0.009990985
3444 0.009990941
3445 0.009990674
3446 0.009990349
3447 0.009989806
3448 0.009989716
3449 0.009989195
3450 0.009988806
3451 0.009986705
3452 0.009986168
3453 0.009985971
3454 0.00998572
3455 0.009985713
3456 0.0099854935
3457 0.009983964
3458 0.009983873
3459 0.009983817
3460 0.009983039
3461 0.009982772
3462 0.00998199
3463 0.009977849
3464 0.009976949
3465 0.009976456
3466 0.0099763
3467 0.009976297
3468 0.0099754315
3469 0.009975033
3470 0.0099747805
3471 0.009973911
3472 0.009973618
3473 0.009973565
3474 0.009973421
3475 0.009973409
3476 0.00997238
3477 0.009971976
3478 0.009970726
3479 0.009970694
3480 0.009969992
3481 0.009969439
3482 0.009969077
3483 0.009968584
3484 0.009966766
3485 0.009966379
3486 0.009965793
3487 0.009965358
3488 0.009963146
3489 0.009962916
3490 0.009960899
3491 0.009959575
3492 0.009959065
3493 0.0099558495
3494 0.009955522
3495 0.009954551
3496 0.009954543
3497 0.009953457
3498 0.009952609
3499 0.009952011
3500 0.009951071
3501 0.009950528
3502 0.009950518
3503 0.009950494
3504 0.009950287
3505 0.00995026
3506 0.009950207
3507 0.009945105
3508 0.009943446
3509 0.009943132
3510 0.009942966
3511 0.00994284
3512 0.009942292
3513 0.009941968
3514 0.00994076
3515 0.009940466
3516 0.009939729
3517 0.009938817
3518 0.009938655
3519 0.009936771
3520 0.00993376
3521 0.009933618
3522 0.0099329185
3523 0.009932832
3524 0.009932407
3525 0.009931862
3526 0.009931441
3527 0.009931398
3528 0.009931314
3529 0.009931297
3530 0.00993043
3531 0.009930425
3532 0.009930269
3533 0.009930244
3534 0.009929988
3535 0.009923811
3536 0.009920148
3537 0.009919837
3538 0.009918207
3539 0.0099175945
3540 0.009917487
3541 0.009916894
3542 0.009916624
3543 0.0099151
3544 0.009914138
3545 0.009913446
3546 0.009912575
3547 0.009912273
3548 0.009912229
3549 0.009912176
3550 0.009912061
3551 0.009911372
3552 0.009911094
3553 0.009908386
3554 0.009907975
3555 0.009907745
3556 0.009907697
3557 0.009907612
3558 0.009907504
3559 0.009907149
3560 0.009907143
3561 0.009907091
3562 0.009906548
3563 0.009905342
3564 0.009905173
3565 0.009902595
3566 0.009900689
3567 0.009900446
3568 0.009900316
3569 0.009897725
3570 0.009897693
3571 0.009897003
3572 0.009896525
3573 0.009895387
3574 0.009894667
3575 0.009894187
3576 0.009893454
3577 0.009893402
3578 0.009893368
3579 0.009893204
3580 0.00989289
3581 0.009892577
3582 0.009891584
3583 0.009890503
3584 0.009890299
3585 0.00989
3586 0.009889846
3587 0.009888221
3588 0.009887562
3589 0.009887047
3590 0.00988661
3591 0.009886589
3592 0.009886222
3593 0.009885374
3594 0.009881462
3595 0.009881436
3596 0.00988143
3597 0.009881398
3598 0.009881112
3599 0.009880984
3600 0.009880458
3601 0.009879947
3602 0.009879106
3603 0.00987824
3604 0.009877587
3605 0.009877425
3606 0.009876916
3607 0.009876271
3608 0.009875596
3609 0.009875552
3610 0.009874497
3611 0.009873
3612 0.009872898
3613 0.009872885
3614 0.009872075
3615 0.009872053
3616 0.009871483
3617 0.009870891
3618 0.00987027
3619 0.009869877
3620 0.009869024
3621 0.00986695
3622 0.009866886
3623 0.009864536
3624 0.009863539
3625 0.009863479
3626 0.009863173
3627 0.009862221
3628 0.009862211
3629 0.009861673
3630 0.009861574
3631 0.009860057
3632 0.009859697
3633 0.009859644
3634 0.009859217
3635 0.009858007
3636 0.009856516
3637 0.0098545635
3638 0.009854337
3639 0.009853391
3640 0.009853309
3641 0.009853234
3642 0.009853176
3643 0.0098529225
3644 0.009852355
3645 0.009851587
3646 0.009850375
3647 0.009849871
3648 0.009849315
3649 0.009849218
3650 0.009848957
3651 0.009848351
3652 0.009848102
3653 0.00984769
3654 0.009847583
3655 0.009846777
3656 0.009845562
3657 0.009845083
3658 0.009843616
3659 0.009843519
3660 0.009843443
3661 0.009842544
3662 0.00984252
3663 0.009842177
3664 0.0098421
3665 0.009842093
3666 0.009842027
3667 0.009841665
3668 0.009841583
3669 0.00984154
3670 0.009839493
3671 0.009839146
3672 0.009838908
3673 0.009838671
3674 0.009837631
3675 0.009836645
3676 0.00983615
3677 0.009835644
3678 0.009834639
3679 0.009834331
3680 0.009834091
3681 0.009830981
3682 0.009830802
3683 0.009829546
3684 0.009829404
3685 0.009828283
3686 0.009828264
3687 0.009827866
3688 0.009827221
3689 0.009827216
3690 0.009827115
3691 0.009826596
3692 0.009824473
3693 0.009823239
3694 0.009823182
3695 0.009822634
3696 0.009822626
3697 0.009822607
3698 0.009821721
3699 0.009821658
3700 0.0098216515
3701 0.009820154
3702 0.009820079
3703 0.009820024
3704 0.009819693
3705 0.009819343
3706 0.009818688
3707 0.009818505
3708 0.009818087
3709 0.009818063
3710 0.009817968
3711 0.0098179635
3712 0.009816875
3713 0.009816861
3714 0.009816377
3715 0.0098158
3716 0.009814588
3717 0.009810428
3718 0.00981026
3719 0.00980949
3720 0.009809095
3721 0.009808996
3722 0.009808786
3723 0.009808769
3724 0.009807316
3725 0.009805186
3726 0.009805072
3727 0.009804918
3728 0.00980485
3729 0.009803875
3730 0.009803873
3731 0.009803368
3732 0.009802587
3733 0.009802511
3734 0.009801004
3735 0.009797866
3736 0.009797129
3737 0.00979708
3738 0.009796455
3739 0.009795839
3740 0.009795795
3741 0.00979575
3742 0.009795719
3743 0.009794949
3744 0.009794456
3745 0.0097941635
3746 0.009794118
3747 0.009794067
3748 0.009793325
3749 0.009792666
3750 0.009792509
3751 0.009792072
