1 29
2 33
3 32
4 33
5 27
6 29
7 29
8 31
9 29
10 29
11 32
12 28
13 33
14 32
15 29
16 24
17 30
18 27
19 25
20 31
21 27
22 25
23 31
24 27
25 33
26 39
27 25
28 33
29 30
30 30
31 28
32 30
33 32
34 33
35 31
36 29
37 33
38 33
39 25
40 27
41 30
42 31
43 28
44 28
45 30
46 34
47 35
48 34
49 35
50 28
51 33
52 32
53 30
54 30
55 32
56 31
57 32
58 33
59 33
60 30
61 33
62 31
63 34
64 32
65 32
66 37
67 35
68 33
69 34
70 31
71 33
72 30
73 31
74 36
75 35
76 36
77 34
78 29
79 35
80 33
81 29
82 34
83 35
84 36
85 34
86 35
87 30
88 29
89 34
90 34
91 33
92 41
93 33
94 33
95 33
96 40
97 33
98 34
99 37
100 35
101 39
102 37
103 38
104 37
105 37
106 33
107 32
108 37
109 32
110 36
111 32
112 36
113 34
114 33
115 32
116 34
117 34
118 36
119 33
120 34
121 38
122 39
123 35
124 33
125 36
126 38
127 29
128 34
129 33
130 41
131 37
132 34
133 37
134 40
135 37
136 35
137 37
138 34
139 37
140 35
141 41
142 41
143 37
144 37
145 39
146 35
147 36
148 40
149 37
150 40
151 37
152 37
153 36
154 37
155 39
156 39
157 36
158 38
159 40
160 36
161 40
162 39
163 40
164 37
165 39
166 41
167 42
168 44
169 36
170 39
171 39
172 40
173 42
174 35
175 42
176 44
177 38
178 39
179 43
180 41
181 39
182 39
183 38
184 38
185 42
186 44
187 41
188 42
189 37
190 40
191 40
192 40
193 40
194 40
195 40
196 38
197 38
198 44
199 38
200 40
201 41
