1 42
2 44
3 51
4 52
5 55
6 55
7 55
8 55
9 55
10 55
11 55
12 55
13 55
14 55
15 55
16 55
17 55
18 55
19 55
20 55
21 55
22 55
23 55
24 55
25 55
26 55
27 55
28 55
29 55
30 55
31 55
32 55
33 55
34 55
35 55
36 55
37 55
38 55
39 55
40 55
41 55
42 55
43 55
44 55
45 55
46 55
47 55
48 55
49 55
50 55
51 55
52 55
53 55
54 55
55 55
56 55
57 55
58 55
59 55
60 55
61 55
62 55
63 55
64 55
65 55
66 55
67 55
68 55
69 55
70 55
71 55
72 55
73 55
74 55
75 55
76 55
77 55
78 55
79 55
80 55
81 55
82 55
83 55
84 55
85 55
86 55
87 55
88 55
89 55
90 55
91 55
92 55
93 55
94 55
95 55
96 55
97 55
98 55
99 55
100 55
101 55
102 55
103 55
104 55
105 55
106 55
107 55
108 55
109 55
110 55
111 55
112 55
113 55
114 55
115 55
116 55
117 55
118 55
119 55
120 55
121 55
122 55
123 55
124 55
125 55
126 55
127 55
128 55
129 55
130 55
131 55
132 55
133 55
134 55
135 55
136 55
137 55
138 55
139 55
140 55
141 55
142 55
143 55
144 55
145 55
146 55
147 55
148 55
149 55
150 55
151 55
152 55
153 55
154 55
155 55
156 55
157 55
158 55
159 55
160 55
161 55
162 55
163 55
164 55
165 55
166 55
167 55
168 55
169 55
170 55
171 55
172 55
173 55
174 55
175 55
176 55
177 55
178 55
179 55
180 55
181 55
182 55
183 55
184 55
185 55
186 55
187 55
188 55
189 55
190 55
191 55
192 55
193 55
194 55
195 55
196 55
197 55
198 55
199 55
200 55
201 55
