1 39
2 39
3 44
4 46
5 46
6 49
7 50
8 50
9 53
10 53
11 53
12 53
13 53
14 53
15 53
16 53
17 53
18 53
19 53
20 53
21 53
22 53
23 53
24 53
25 53
26 53
27 53
28 53
29 53
30 53
31 53
32 53
33 53
34 53
35 53
36 53
37 53
38 54
39 55
40 55
41 55
42 55
43 55
44 55
45 55
46 55
47 55
48 55
49 55
50 55
51 55
52 55
53 55
54 55
55 55
56 55
57 55
58 55
59 55
60 55
61 55
62 55
63 55
64 55
65 55
66 55
67 55
68 55
69 55
70 55
71 55
72 55
73 55
74 55
75 55
76 55
77 55
78 55
79 55
80 55
81 55
82 55
83 55
84 55
85 55
86 55
87 55
88 55
89 55
90 55
91 55
92 55
93 55
94 55
95 55
96 55
97 55
98 55
99 55
100 55
101 55
102 55
103 55
104 55
105 55
106 55
107 55
108 55
109 55
110 55
111 55
112 55
113 55
114 55
115 55
116 55
117 55
118 55
119 55
120 55
121 55
122 55
123 55
124 55
125 55
126 55
127 55
128 55
129 55
130 55
131 55
132 55
133 55
134 55
135 55
136 55
137 55
138 55
139 55
140 55
141 55
142 55
143 55
144 55
145 55
146 55
147 55
148 55
149 55
150 55
151 55
152 55
153 55
154 55
155 55
156 55
157 55
158 55
159 55
160 55
161 55
162 55
163 55
164 55
165 55
166 55
167 55
168 55
169 55
170 55
171 55
172 55
173 55
174 55
175 55
176 55
177 55
178 55
179 55
180 55
181 55
182 55
183 55
184 55
185 55
186 55
187 55
188 55
189 55
190 55
191 55
192 55
193 55
194 55
195 55
196 55
197 55
198 55
199 55
200 55
201 55
202 55
203 55
204 55
205 55
206 55
207 55
208 55
209 55
210 55
211 55
212 55
213 55
214 55
215 55
216 55
217 55
218 55
219 55
220 55
221 55
222 55
223 55
224 55
225 55
226 55
227 55
228 55
229 55
230 55
231 55
232 55
233 55
234 55
235 55
236 55
237 55
238 55
239 55
240 55
241 55
242 55
243 55
244 55
245 55
246 55
247 55
248 55
249 55
250 55
251 55
252 55
253 55
254 55
255 55
256 55
257 55
258 55
259 55
260 55
261 55
262 55
263 55
264 55
265 55
266 55
267 55
268 55
269 55
270 55
271 55
272 55
273 55
274 55
275 55
276 55
277 55
278 55
279 55
280 55
281 55
282 55
283 55
284 55
285 55
286 55
287 55
288 55
289 55
290 55
291 55
292 55
293 55
294 55
295 55
296 55
297 55
298 55
299 55
300 55
301 55
302 55
303 55
304 55
305 55
306 55
307 55
308 55
309 55
310 55
311 55
312 55
313 55
314 55
315 55
316 55
317 55
318 55
319 55
320 55
321 55
322 55
323 55
324 55
325 55
326 55
327 55
328 55
329 55
330 55
331 55
332 55
333 55
334 55
335 55
336 55
337 55
338 55
339 55
340 55
341 55
342 55
343 55
344 55
345 55
346 55
347 55
348 55
349 55
350 55
351 55
352 55
353 55
354 55
355 55
356 55
357 55
358 55
359 55
360 55
361 55
362 55
363 55
364 55
365 55
366 55
367 55
368 55
369 55
370 55
371 55
372 55
373 55
374 55
375 55
376 55
377 55
378 55
379 55
380 55
381 55
382 55
383 55
384 55
385 55
386 55
387 55
388 55
389 55
390 55
391 55
392 55
393 55
394 55
395 55
396 55
397 55
398 55
399 55
400 55
401 55
402 55
403 55
404 55
405 55
406 55
407 55
408 55
409 55
410 55
411 55
412 55
413 55
414 55
415 55
416 55
417 55
418 55
419 55
420 55
421 55
422 55
423 55
424 55
425 55
426 55
427 55
428 55
429 55
430 55
431 55
432 55
433 55
434 55
435 55
436 55
437 55
438 55
439 55
440 55
441 55
442 55
443 55
444 56
445 56
446 56
447 56
448 56
449 56
450 56
451 56
452 56
453 56
454 56
455 56
456 56
457 56
458 56
459 56
460 56
461 56
462 56
463 56
464 56
465 56
466 56
467 56
468 56
469 56
470 56
471 56
472 56
473 56
474 56
475 56
476 56
477 56
478 56
479 56
480 56
481 56
482 56
483 56
484 56
485 56
486 56
487 56
488 56
489 56
490 56
491 56
492 56
493 56
494 56
495 56
496 56
497 56
498 56
499 56
500 56
501 56
502 56
503 56
504 56
505 56
506 56
507 56
508 56
509 56
510 56
511 56
512 56
513 56
514 56
515 56
516 56
517 56
518 56
519 56
520 56
521 56
522 56
523 56
524 56
525 56
526 56
527 56
528 56
529 56
530 56
531 56
532 56
533 56
534 56
535 56
536 56
537 56
538 56
539 56
540 56
541 56
542 56
543 56
544 56
545 56
546 56
547 56
548 56
549 56
550 56
551 56
552 56
553 56
554 56
555 56
556 56
557 56
558 56
559 56
560 56
561 56
562 56
563 56
564 56
565 56
566 56
567 56
568 56
569 56
570 56
571 56
572 56
573 56
574 56
575 56
576 56
577 56
578 56
579 56
580 56
581 56
582 56
583 56
584 56
585 56
586 56
587 56
588 56
589 56
590 56
591 56
592 56
593 56
594 56
595 56
596 56
597 56
598 56
599 56
600 56
601 56
602 56
603 56
604 56
605 56
606 56
607 56
608 56
609 56
610 56
611 56
612 56
613 56
614 56
615 56
616 56
617 56
618 56
619 56
620 56
621 56
622 56
623 56
624 56
625 56
626 56
627 56
628 56
629 56
630 56
631 56
632 56
633 56
634 56
635 56
636 56
637 56
638 56
639 56
640 56
641 56
642 56
643 56
644 56
645 56
646 56
647 56
648 56
649 56
650 56
651 56
652 56
653 56
654 56
655 56
656 56
657 56
658 56
659 56
660 56
661 56
662 56
663 56
664 56
665 56
666 56
667 56
668 56
669 56
670 56
671 56
672 56
673 56
674 56
675 56
676 56
677 56
678 56
679 56
680 56
681 56
682 56
683 56
684 56
685 56
686 56
687 56
688 56
689 56
690 56
691 56
692 56
693 56
694 56
695 56
696 56
697 56
698 56
699 56
700 56
701 56
702 56
703 56
704 56
705 56
706 56
707 56
708 56
709 56
710 56
711 56
712 56
713 56
714 56
715 56
716 56
717 56
718 56
719 56
720 56
721 56
722 56
723 56
724 56
725 56
726 56
727 56
728 56
729 56
730 56
731 56
732 56
733 56
734 56
735 56
736 56
737 56
738 56
739 56
740 56
741 56
742 56
743 56
744 56
745 56
746 56
747 56
748 56
749 56
750 56
751 56
752 56
753 56
754 56
755 56
756 56
757 56
758 56
759 56
760 56
761 56
762 56
763 56
764 56
765 56
766 56
767 56
768 56
769 56
770 56
771 56
772 56
773 56
774 56
775 56
776 56
777 56
778 56
779 56
780 56
781 56
782 56
783 56
784 56
785 56
786 56
787 56
788 56
789 56
790 56
791 56
792 56
793 56
794 56
795 56
796 56
797 56
798 56
799 56
800 56
801 56
802 56
803 56
804 56
805 56
806 56
807 56
808 56
809 56
810 56
811 56
812 56
813 56
814 56
815 56
816 56
817 56
818 56
819 56
820 56
821 56
822 56
823 56
824 56
825 56
826 56
827 56
828 56
829 56
830 56
831 56
832 56
833 56
834 56
835 56
836 56
837 56
838 56
839 56
840 56
841 56
842 56
843 56
844 56
845 56
846 56
847 56
848 56
849 56
850 56
851 56
852 56
853 56
854 56
855 56
856 56
857 56
858 56
859 56
860 56
861 56
862 56
863 56
864 56
865 56
866 56
867 56
868 56
869 56
870 56
871 56
872 56
873 56
874 56
875 56
876 56
877 56
878 56
879 56
880 56
881 56
882 56
883 56
884 56
885 56
886 56
887 56
888 56
889 56
890 56
891 56
892 56
893 56
894 56
895 56
896 56
897 56
898 56
899 56
900 56
901 56
902 56
903 56
904 56
905 56
906 56
907 56
908 56
909 56
910 56
911 56
912 56
913 56
914 56
915 56
916 56
917 56
918 56
919 56
920 56
921 56
922 56
923 56
924 56
925 56
926 56
927 56
928 56
929 56
930 56
931 56
932 56
933 56
934 56
935 56
936 56
937 56
938 56
939 56
940 56
941 56
942 56
943 56
944 56
945 56
946 56
947 56
948 56
949 56
950 56
951 56
952 56
953 56
954 56
955 56
956 56
957 56
958 56
959 56
960 56
961 56
962 56
963 56
964 56
965 56
966 56
967 56
968 56
969 56
970 56
971 56
972 56
973 56
974 56
975 56
976 56
977 56
978 56
979 56
980 56
981 56
982 56
983 56
984 56
985 56
986 56
987 56
988 56
989 56
990 56
991 56
992 56
993 56
994 56
995 56
996 56
997 56
998 56
999 56
1000 56
1001 56
1002 56
1003 56
1004 56
1005 56
1006 56
1007 56
1008 56
1009 56
1010 56
1011 56
1012 56
1013 56
1014 56
1015 56
1016 56
1017 56
1018 56
1019 56
1020 56
1021 56
1022 56
1023 56
1024 56
1025 56
1026 56
1027 56
1028 56
1029 56
1030 56
1031 56
1032 56
1033 56
1034 56
1035 56
1036 56
1037 56
1038 56
1039 56
1040 56
1041 56
1042 56
1043 56
1044 56
1045 56
1046 56
1047 56
1048 56
1049 56
1050 56
1051 56
1052 56
1053 56
1054 56
1055 56
1056 56
1057 56
1058 56
1059 56
1060 56
1061 56
1062 56
1063 56
1064 56
1065 56
1066 56
1067 56
1068 56
1069 56
1070 56
1071 56
1072 56
1073 56
1074 56
1075 56
1076 56
1077 56
1078 56
1079 56
1080 56
1081 56
1082 56
1083 56
1084 56
1085 56
1086 56
1087 56
1088 56
1089 56
1090 56
1091 56
1092 56
1093 56
1094 56
1095 56
1096 56
1097 56
1098 56
1099 56
1100 56
1101 56
1102 56
1103 56
1104 56
1105 56
1106 56
1107 56
1108 56
1109 56
1110 56
1111 56
1112 56
1113 56
1114 56
1115 56
1116 56
1117 56
1118 56
1119 56
1120 56
1121 56
1122 56
1123 56
1124 56
1125 56
1126 56
1127 56
1128 56
1129 56
1130 56
1131 56
1132 56
1133 56
1134 56
1135 56
1136 56
1137 56
1138 56
1139 56
1140 56
1141 56
1142 56
1143 56
1144 56
1145 56
1146 56
1147 56
1148 56
1149 56
1150 56
1151 56
1152 56
1153 56
1154 56
1155 56
1156 56
1157 56
1158 56
1159 56
1160 56
1161 56
1162 56
1163 56
1164 56
1165 56
1166 56
1167 56
1168 56
1169 56
1170 56
1171 56
1172 56
1173 56
1174 56
1175 56
1176 56
1177 56
1178 56
1179 56
1180 56
1181 56
1182 56
1183 56
1184 56
1185 56
1186 56
1187 56
1188 56
1189 56
1190 56
1191 56
1192 56
1193 56
1194 56
1195 56
1196 56
1197 57
1198 57
1199 57
1200 57
1201 57
1202 57
1203 57
1204 57
1205 58
1206 58
1207 58
1208 58
1209 58
1210 58
1211 58
1212 58
1213 58
1214 58
1215 58
1216 58
1217 58
1218 58
1219 58
1220 58
1221 58
1222 58
1223 58
1224 58
1225 58
1226 58
1227 58
1228 58
1229 58
1230 58
1231 58
1232 58
1233 58
1234 58
1235 58
1236 58
1237 58
1238 58
1239 58
1240 58
1241 58
1242 58
1243 58
1244 58
1245 58
1246 58
1247 58
1248 58
1249 58
1250 58
1251 58
1252 58
1253 58
1254 58
1255 58
1256 58
1257 58
1258 58
1259 58
1260 58
1261 58
1262 58
1263 58
1264 58
1265 58
1266 58
1267 58
1268 58
1269 58
1270 58
1271 58
1272 58
1273 58
1274 58
1275 58
1276 58
1277 58
1278 58
1279 58
1280 58
1281 58
1282 58
1283 58
1284 58
1285 58
1286 58
1287 58
1288 58
1289 58
1290 58
1291 58
1292 58
1293 58
1294 58
1295 58
1296 58
1297 58
1298 58
1299 58
1300 58
1301 58
1302 58
1303 58
1304 58
1305 58
1306 58
1307 58
1308 58
1309 58
1310 58
1311 58
1312 58
1313 58
1314 58
1315 58
1316 58
1317 58
1318 58
1319 58
1320 58
1321 58
1322 58
1323 58
1324 58
1325 58
1326 58
1327 58
1328 58
1329 58
1330 58
1331 58
1332 58
1333 58
1334 58
1335 58
1336 58
1337 58
1338 58
1339 58
1340 58
1341 58
1342 58
1343 58
1344 58
1345 58
1346 58
1347 58
1348 58
1349 58
1350 58
1351 58
1352 58
1353 58
1354 58
1355 58
1356 58
1357 58
1358 58
1359 58
1360 58
1361 58
1362 58
1363 58
1364 58
1365 58
1366 58
1367 58
1368 58
1369 58
1370 58
1371 58
1372 58
1373 58
1374 58
1375 58
1376 58
1377 58
1378 58
1379 58
1380 58
1381 58
1382 58
1383 58
1384 58
1385 58
1386 58
1387 58
1388 58
1389 58
1390 58
1391 58
1392 58
1393 58
1394 58
1395 58
1396 58
1397 58
1398 58
1399 58
1400 58
1401 58
1402 58
1403 58
1404 58
1405 58
1406 58
1407 58
1408 58
1409 58
1410 58
1411 58
1412 58
1413 58
1414 58
1415 58
1416 58
1417 58
1418 58
1419 58
1420 58
1421 58
1422 58
1423 58
1424 58
1425 58
1426 58
1427 58
1428 58
1429 58
1430 58
1431 58
1432 58
1433 58
1434 58
1435 58
1436 58
1437 58
1438 58
1439 58
1440 58
1441 58
1442 58
1443 58
1444 58
1445 58
1446 58
1447 58
1448 58
1449 58
1450 58
1451 58
1452 58
1453 58
1454 58
1455 58
1456 58
1457 58
1458 58
1459 58
1460 58
1461 58
1462 58
1463 58
1464 58
1465 58
1466 58
1467 58
1468 58
1469 58
1470 58
1471 58
1472 58
1473 58
1474 58
1475 58
1476 58
1477 58
1478 58
1479 58
1480 58
1481 58
1482 58
1483 58
1484 58
1485 58
1486 58
1487 58
1488 58
1489 58
1490 58
1491 58
1492 58
1493 58
1494 58
1495 58
1496 58
1497 58
1498 58
1499 58
1500 58
1501 58
1502 58
1503 58
1504 58
1505 58
1506 58
1507 58
1508 58
1509 58
1510 58
1511 58
1512 58
1513 58
1514 58
1515 58
1516 58
1517 58
1518 58
1519 58
1520 58
1521 58
1522 58
1523 58
1524 58
1525 58
1526 58
1527 58
1528 58
1529 58
1530 58
1531 58
1532 58
1533 58
1534 58
1535 58
1536 58
1537 58
1538 58
1539 58
1540 58
1541 58
1542 58
1543 58
1544 58
1545 58
1546 58
1547 58
1548 59
1549 59
1550 59
1551 59
1552 59
1553 59
1554 59
1555 59
1556 59
1557 59
1558 59
1559 59
1560 59
1561 59
1562 59
1563 59
1564 59
1565 59
1566 59
1567 59
1568 59
1569 59
1570 59
1571 59
1572 59
1573 59
1574 59
1575 59
1576 59
1577 59
1578 59
1579 59
1580 59
1581 59
1582 59
1583 59
1584 59
1585 59
1586 59
1587 59
1588 59
1589 59
1590 59
1591 59
1592 59
1593 59
1594 59
1595 59
1596 59
1597 59
1598 59
1599 59
1600 59
1601 59
1602 59
1603 59
1604 59
1605 59
1606 59
1607 59
1608 59
1609 59
1610 59
1611 59
1612 59
1613 59
1614 59
1615 59
1616 59
1617 59
1618 59
1619 59
1620 59
1621 59
1622 59
1623 59
1624 59
1625 59
1626 59
1627 59
1628 59
1629 59
1630 59
1631 59
1632 59
1633 59
1634 59
1635 59
1636 59
1637 59
1638 59
1639 59
1640 59
1641 59
1642 59
1643 59
1644 59
1645 59
1646 59
1647 59
1648 59
1649 59
1650 59
1651 59
1652 59
1653 59
1654 59
1655 59
1656 59
1657 59
1658 59
1659 59
1660 59
1661 59
1662 59
1663 59
1664 59
1665 59
1666 59
1667 59
1668 59
1669 59
1670 59
1671 59
1672 59
1673 59
1674 59
1675 59
1676 59
1677 59
1678 59
1679 59
1680 59
1681 59
1682 59
1683 59
1684 59
1685 59
1686 59
1687 59
1688 59
1689 59
1690 59
1691 59
1692 59
1693 59
1694 59
1695 59
1696 59
1697 59
1698 59
1699 59
1700 59
1701 59
1702 59
1703 59
1704 59
1705 59
1706 59
1707 59
1708 59
1709 59
1710 59
1711 59
1712 59
1713 59
1714 59
1715 59
1716 59
1717 59
1718 59
1719 59
1720 59
1721 59
1722 59
1723 59
1724 59
1725 59
1726 59
1727 59
1728 59
1729 59
1730 59
1731 59
1732 59
1733 59
1734 59
1735 59
1736 59
1737 59
1738 59
1739 59
1740 59
1741 59
1742 59
1743 59
1744 59
1745 59
1746 59
1747 59
1748 59
1749 59
1750 59
1751 59
1752 59
1753 59
1754 59
1755 59
1756 59
1757 59
1758 59
1759 59
1760 59
1761 59
1762 59
1763 59
1764 59
1765 59
1766 59
1767 59
1768 59
1769 59
1770 59
1771 59
1772 59
1773 59
1774 59
1775 59
1776 59
1777 59
1778 59
1779 59
1780 59
1781 59
1782 59
1783 59
1784 59
1785 59
1786 59
1787 59
1788 59
1789 59
1790 59
1791 59
1792 59
1793 59
1794 59
1795 59
1796 59
1797 59
1798 59
1799 59
1800 59
1801 59
1802 59
1803 59
1804 59
1805 59
1806 59
1807 59
1808 59
1809 59
1810 59
1811 59
1812 59
1813 59
1814 59
1815 59
1816 59
1817 59
1818 59
1819 59
1820 59
1821 59
1822 59
1823 59
1824 59
1825 59
1826 59
1827 59
1828 59
1829 59
1830 59
1831 59
1832 59
1833 59
1834 59
1835 59
1836 59
1837 59
1838 59
1839 59
1840 59
1841 59
1842 59
1843 59
1844 59
1845 59
1846 59
1847 59
1848 59
1849 59
1850 59
1851 59
1852 59
1853 59
1854 59
1855 59
1856 59
1857 59
1858 59
1859 59
1860 59
1861 59
1862 59
1863 59
1864 59
1865 59
1866 59
1867 59
1868 59
1869 59
1870 59
1871 59
1872 59
1873 59
1874 59
1875 59
1876 59
1877 59
1878 59
1879 59
1880 59
1881 59
1882 59
1883 59
1884 59
1885 59
1886 59
1887 59
1888 59
1889 59
1890 59
1891 59
1892 59
1893 59
1894 59
1895 59
1896 59
1897 59
1898 59
1899 59
1900 59
1901 59
1902 59
1903 59
1904 59
1905 59
1906 59
1907 59
1908 59
1909 59
1910 59
1911 60
1912 60
1913 60
1914 60
1915 60
1916 60
1917 60
1918 60
1919 60
1920 60
1921 60
1922 60
1923 60
1924 60
1925 60
1926 60
1927 60
1928 60
1929 60
1930 60
1931 60
1932 60
1933 60
1934 60
1935 60
1936 60
1937 60
1938 60
1939 60
1940 60
1941 60
1942 60
1943 60
1944 60
1945 60
1946 60
1947 60
1948 60
1949 60
1950 60
1951 60
1952 60
1953 60
1954 60
1955 60
1956 60
1957 60
1958 60
1959 60
1960 60
1961 60
1962 60
1963 60
1964 60
1965 60
1966 60
1967 60
1968 60
1969 60
1970 60
1971 60
1972 60
1973 60
1974 60
1975 60
1976 60
1977 60
1978 60
1979 60
1980 60
1981 60
1982 60
1983 60
1984 60
1985 60
1986 60
1987 60
1988 60
1989 60
1990 60
1991 60
1992 60
1993 60
1994 60
1995 60
1996 60
1997 60
1998 60
1999 60
2000 60
2001 60
2002 60
2003 60
2004 60
2005 60
2006 60
2007 60
2008 60
2009 60
2010 60
2011 60
2012 60
2013 60
2014 60
2015 60
2016 60
2017 60
2018 60
2019 60
2020 60
2021 60
2022 60
2023 60
2024 60
2025 60
2026 60
2027 60
2028 60
2029 60
2030 60
2031 60
2032 60
2033 60
2034 60
2035 60
2036 60
2037 60
2038 60
2039 60
2040 60
2041 60
2042 60
2043 60
2044 60
2045 60
2046 60
2047 60
2048 60
2049 60
2050 60
2051 60
2052 60
2053 60
2054 60
2055 60
2056 60
2057 60
2058 60
2059 60
2060 60
2061 60
2062 60
2063 60
2064 60
2065 60
2066 60
2067 60
2068 60
2069 60
2070 60
2071 60
2072 60
2073 60
2074 60
2075 60
2076 60
2077 60
2078 60
2079 60
2080 60
2081 60
2082 60
2083 60
2084 60
2085 60
2086 60
2087 60
2088 60
2089 60
2090 60
2091 60
2092 60
2093 60
2094 60
2095 60
2096 60
2097 60
2098 60
2099 60
2100 60
2101 60
2102 60
2103 60
2104 60
2105 60
2106 60
2107 60
2108 60
2109 60
2110 60
2111 60
2112 60
2113 60
2114 60
2115 60
2116 60
2117 60
2118 60
2119 60
2120 60
2121 60
2122 60
2123 60
2124 60
2125 60
2126 60
2127 60
2128 60
2129 60
2130 60
2131 60
2132 60
2133 60
2134 60
2135 60
2136 60
2137 60
2138 60
2139 60
2140 60
2141 60
2142 60
2143 60
2144 60
2145 60
2146 60
2147 60
2148 60
2149 60
2150 60
2151 60
2152 60
2153 60
2154 60
2155 60
2156 60
2157 60
2158 60
2159 60
2160 60
2161 60
2162 60
2163 60
2164 60
2165 60
2166 60
2167 60
2168 60
2169 60
2170 60
2171 60
2172 60
2173 60
2174 60
2175 60
2176 60
2177 60
2178 60
2179 60
2180 60
2181 60
2182 60
2183 60
2184 60
2185 60
2186 60
2187 60
2188 60
2189 60
2190 60
2191 60
2192 60
2193 60
2194 60
2195 60
2196 60
2197 60
2198 60
2199 60
2200 60
2201 60
2202 60
2203 60
2204 60
2205 60
2206 60
2207 60
2208 60
2209 60
2210 60
2211 60
2212 60
2213 60
2214 60
2215 60
2216 60
2217 60
2218 60
2219 60
2220 60
2221 60
2222 60
2223 60
2224 60
2225 60
2226 60
2227 60
2228 60
2229 60
2230 60
2231 60
2232 60
2233 60
2234 60
2235 60
2236 60
2237 60
2238 60
2239 60
2240 60
2241 60
2242 60
2243 60
2244 60
2245 60
2246 60
2247 60
2248 60
2249 60
2250 60
2251 60
2252 60
2253 60
2254 60
2255 60
2256 60
2257 60
2258 60
2259 60
2260 60
2261 60
2262 60
2263 60
2264 60
2265 60
2266 60
2267 60
2268 60
2269 60
2270 60
2271 60
2272 60
2273 60
2274 60
2275 60
2276 60
2277 60
2278 60
2279 60
2280 60
2281 60
2282 60
2283 60
2284 60
2285 60
2286 60
2287 60
2288 60
2289 60
2290 60
2291 60
2292 60
2293 60
2294 60
2295 60
2296 60
2297 60
2298 60
2299 60
2300 60
2301 60
2302 60
2303 60
2304 60
2305 60
2306 60
2307 60
2308 60
2309 60
2310 60
2311 60
2312 60
2313 60
2314 60
2315 60
2316 60
2317 60
2318 60
2319 60
2320 60
2321 60
2322 60
2323 60
2324 60
2325 60
2326 60
2327 60
2328 60
2329 60
2330 60
2331 60
2332 60
2333 60
2334 60
2335 60
2336 60
2337 60
2338 60
2339 60
2340 60
2341 60
2342 60
2343 60
2344 60
2345 60
2346 60
2347 60
2348 60
2349 60
2350 60
2351 60
2352 60
2353 60
2354 60
2355 60
2356 60
2357 60
2358 60
2359 60
2360 60
2361 60
2362 60
2363 60
2364 60
2365 60
2366 60
2367 60
2368 60
2369 60
2370 60
2371 60
2372 60
2373 60
2374 60
2375 60
2376 60
2377 60
2378 60
2379 60
2380 60
2381 60
2382 60
2383 60
2384 60
2385 60
2386 60
2387 60
2388 60
2389 60
2390 60
2391 60
2392 60
2393 60
2394 60
2395 60
2396 60
2397 60
2398 60
2399 60
2400 60
2401 60
2402 60
2403 60
2404 60
2405 60
2406 60
2407 60
2408 60
2409 60
2410 60
2411 60
2412 60
2413 60
2414 60
2415 60
2416 60
2417 60
2418 60
2419 60
2420 60
2421 60
2422 60
2423 60
2424 60
2425 60
2426 60
2427 60
2428 60
2429 60
2430 60
2431 60
2432 60
2433 60
2434 60
2435 60
2436 60
2437 60
2438 60
2439 60
2440 60
2441 60
2442 60
2443 60
2444 60
2445 60
2446 60
2447 60
2448 60
2449 60
2450 60
2451 60
2452 60
2453 60
2454 60
2455 60
2456 60
2457 60
2458 60
2459 60
2460 60
2461 60
2462 60
2463 60
2464 60
2465 60
2466 60
2467 60
2468 60
2469 60
2470 60
2471 60
2472 60
2473 60
2474 60
2475 60
2476 60
2477 60
2478 60
2479 60
2480 60
2481 60
2482 60
2483 60
2484 60
2485 60
2486 60
2487 60
2488 60
2489 60
2490 60
2491 60
2492 60
2493 60
2494 60
2495 60
2496 60
2497 60
2498 60
2499 60
2500 60
2501 60
2502 60
2503 60
2504 60
2505 60
2506 60
2507 60
2508 60
2509 60
2510 60
2511 60
2512 60
2513 60
2514 60
2515 60
2516 60
2517 60
2518 60
2519 60
2520 60
2521 60
2522 60
2523 60
2524 60
2525 60
2526 60
2527 60
2528 60
2529 60
2530 60
2531 60
2532 60
2533 60
2534 60
2535 60
2536 60
2537 60
2538 60
2539 60
2540 60
2541 60
2542 60
2543 60
2544 60
2545 60
2546 60
2547 60
2548 60
2549 60
2550 60
2551 60
2552 60
2553 60
2554 60
2555 60
2556 60
2557 60
2558 60
2559 60
2560 60
2561 60
2562 60
2563 60
2564 60
2565 60
2566 60
2567 60
2568 60
2569 60
2570 60
2571 60
2572 60
2573 60
2574 60
2575 60
2576 60
2577 60
2578 60
2579 60
2580 60
2581 60
2582 60
2583 60
2584 60
2585 60
2586 60
2587 60
2588 60
2589 60
2590 60
2591 60
2592 60
2593 60
2594 60
2595 60
2596 60
2597 60
2598 60
2599 60
2600 60
2601 60
2602 60
2603 60
2604 60
2605 60
2606 60
2607 60
2608 60
2609 60
2610 60
2611 60
2612 60
2613 60
2614 60
2615 60
2616 60
2617 60
2618 60
2619 60
2620 60
2621 60
2622 60
2623 60
2624 60
2625 60
2626 60
2627 60
2628 60
2629 60
2630 60
2631 60
2632 60
2633 60
2634 60
2635 60
2636 60
2637 60
2638 60
2639 60
2640 60
2641 60
2642 60
2643 60
2644 60
2645 60
2646 60
2647 60
2648 60
2649 60
2650 60
2651 60
2652 60
2653 60
2654 60
2655 60
2656 60
2657 60
2658 60
2659 60
2660 60
2661 60
2662 60
2663 60
2664 60
2665 60
2666 60
2667 60
2668 60
2669 60
2670 60
2671 60
2672 60
2673 60
2674 60
2675 60
2676 60
2677 60
2678 60
2679 60
2680 60
2681 60
2682 60
2683 60
2684 60
2685 60
2686 60
2687 60
2688 60
2689 60
2690 60
2691 60
2692 60
2693 60
2694 60
2695 60
2696 60
2697 60
2698 60
2699 60
2700 60
2701 60
2702 60
2703 60
2704 60
2705 60
2706 60
2707 60
2708 60
2709 60
2710 60
2711 60
2712 60
2713 60
2714 60
2715 60
2716 60
2717 60
2718 60
2719 60
2720 60
2721 60
2722 60
2723 60
2724 60
2725 60
2726 60
2727 60
2728 60
2729 60
2730 60
2731 60
2732 60
2733 60
2734 60
2735 60
2736 60
2737 60
2738 60
2739 60
2740 60
2741 60
2742 60
2743 60
2744 60
2745 60
2746 60
2747 60
2748 60
2749 60
2750 60
2751 60
2752 60
2753 60
2754 60
2755 60
2756 60
2757 60
2758 60
2759 60
2760 60
2761 60
2762 60
2763 60
2764 60
2765 60
2766 60
2767 60
2768 60
2769 60
2770 60
2771 60
2772 60
2773 60
2774 60
2775 60
2776 60
2777 60
2778 60
2779 60
2780 60
2781 60
2782 60
2783 60
2784 60
2785 60
2786 60
2787 60
2788 60
2789 60
2790 60
2791 60
2792 60
2793 60
2794 60
2795 60
2796 60
2797 60
2798 60
2799 60
2800 60
2801 60
2802 60
2803 60
2804 60
2805 60
2806 60
2807 60
2808 60
2809 60
2810 60
2811 60
2812 60
2813 60
2814 60
2815 60
2816 60
2817 60
2818 60
2819 60
2820 60
2821 60
2822 60
2823 60
2824 60
2825 60
2826 60
2827 60
2828 60
2829 60
2830 60
2831 60
2832 60
2833 60
2834 60
2835 60
2836 60
2837 60
2838 60
2839 60
2840 60
2841 60
2842 60
2843 60
2844 60
2845 60
2846 60
2847 60
2848 60
2849 60
2850 60
2851 60
2852 60
2853 60
2854 60
2855 60
2856 60
2857 60
2858 60
2859 60
2860 60
2861 60
2862 60
2863 60
2864 60
2865 60
2866 60
2867 60
2868 60
2869 60
2870 60
2871 60
2872 60
2873 60
2874 60
2875 60
2876 60
2877 60
2878 60
2879 60
2880 60
2881 60
2882 60
2883 60
2884 60
2885 60
2886 60
2887 60
2888 60
2889 60
2890 60
2891 60
2892 60
2893 60
2894 60
2895 60
2896 60
2897 60
2898 60
2899 60
2900 60
2901 60
2902 60
2903 60
2904 60
2905 60
2906 60
2907 60
2908 60
2909 60
2910 60
2911 60
2912 60
2913 60
2914 60
2915 60
2916 60
2917 60
2918 60
2919 60
2920 60
2921 60
2922 60
2923 60
2924 60
2925 60
2926 60
2927 60
2928 60
2929 60
2930 60
2931 60
2932 60
2933 60
2934 60
2935 60
2936 60
2937 60
2938 60
2939 60
2940 60
2941 60
2942 60
2943 60
2944 60
2945 60
2946 60
2947 60
2948 60
2949 60
2950 60
2951 60
2952 60
2953 60
2954 60
2955 60
2956 60
2957 60
2958 60
2959 60
2960 60
2961 60
2962 60
2963 60
2964 60
2965 60
2966 60
2967 60
2968 60
2969 60
2970 60
2971 60
2972 60
2973 60
2974 60
2975 60
2976 60
2977 60
2978 60
2979 60
2980 60
2981 60
2982 60
2983 60
2984 60
2985 60
2986 60
2987 60
2988 60
2989 60
2990 60
2991 60
2992 60
2993 60
2994 60
2995 60
2996 60
2997 60
2998 60
2999 60
3000 60
3001 60
3002 60
3003 60
3004 60
3005 60
3006 60
3007 60
3008 60
3009 60
3010 60
3011 60
3012 60
3013 60
3014 60
3015 60
3016 60
3017 60
3018 60
3019 60
3020 60
3021 60
3022 60
3023 60
3024 60
3025 60
3026 60
3027 60
3028 60
3029 60
3030 60
3031 60
3032 60
3033 60
3034 60
3035 60
3036 60
3037 60
3038 60
3039 60
3040 60
3041 60
3042 60
3043 60
3044 60
3045 60
3046 60
3047 60
3048 60
3049 60
3050 60
3051 60
3052 60
3053 60
3054 60
3055 60
3056 60
3057 60
3058 60
3059 60
3060 60
3061 60
3062 60
3063 60
3064 60
3065 60
3066 60
3067 60
3068 60
3069 60
3070 60
3071 60
3072 60
3073 60
3074 60
3075 60
3076 60
3077 60
3078 60
3079 60
3080 60
3081 60
3082 60
3083 60
3084 60
3085 60
3086 60
3087 60
3088 60
3089 60
3090 60
3091 60
3092 60
3093 60
3094 60
3095 60
3096 60
3097 60
3098 60
3099 60
3100 60
3101 60
3102 60
3103 60
3104 60
3105 60
3106 60
3107 60
3108 60
3109 60
3110 60
3111 60
3112 60
3113 60
3114 60
3115 60
3116 60
3117 60
3118 60
3119 60
3120 60
3121 60
3122 60
3123 60
3124 60
3125 60
3126 60
3127 60
3128 60
3129 60
3130 60
3131 60
3132 60
3133 60
3134 60
3135 60
3136 60
3137 60
3138 60
3139 60
3140 60
3141 60
3142 60
3143 60
3144 60
3145 60
3146 60
3147 60
3148 60
3149 60
3150 60
3151 60
3152 60
3153 60
3154 60
3155 60
3156 60
3157 60
3158 60
3159 60
3160 60
3161 60
3162 60
3163 60
3164 60
3165 60
3166 60
3167 60
3168 60
3169 60
3170 60
3171 60
3172 60
3173 60
3174 60
3175 60
3176 60
3177 60
3178 60
3179 60
3180 60
3181 60
3182 60
3183 60
3184 60
3185 60
3186 60
3187 60
3188 60
3189 60
3190 60
3191 60
3192 60
3193 60
3194 60
3195 60
3196 60
3197 60
3198 60
3199 60
3200 60
3201 60
3202 60
3203 60
3204 60
3205 60
3206 60
3207 60
3208 60
3209 60
3210 60
3211 60
3212 60
3213 60
3214 60
3215 60
3216 60
3217 60
3218 60
3219 60
3220 60
3221 60
3222 60
3223 60
3224 60
3225 60
3226 60
3227 60
3228 60
3229 60
3230 60
3231 60
3232 60
3233 60
3234 60
3235 60
3236 60
3237 60
3238 60
3239 60
3240 60
3241 60
3242 60
3243 60
3244 60
3245 60
3246 60
3247 60
3248 60
3249 60
3250 60
3251 60
3252 60
3253 60
3254 60
3255 60
3256 60
3257 60
3258 60
3259 60
3260 60
3261 60
3262 60
3263 60
3264 60
3265 60
3266 60
3267 60
3268 60
3269 60
3270 60
3271 60
3272 60
3273 60
3274 60
3275 60
3276 60
3277 60
3278 60
3279 60
3280 60
3281 60
3282 60
3283 60
3284 60
3285 60
3286 60
3287 60
3288 60
3289 60
3290 60
3291 60
3292 60
3293 60
3294 60
3295 60
3296 60
3297 60
3298 60
3299 60
3300 60
3301 60
3302 60
3303 60
3304 60
3305 60
3306 60
3307 60
3308 60
3309 60
3310 60
3311 60
3312 60
3313 60
3314 60
3315 60
3316 60
3317 60
3318 60
3319 60
3320 60
3321 60
3322 60
3323 60
3324 60
3325 60
3326 60
3327 60
3328 60
3329 60
3330 60
3331 60
3332 60
3333 60
3334 60
3335 60
3336 60
3337 60
3338 60
3339 60
3340 60
3341 60
3342 60
3343 60
3344 60
3345 60
3346 60
3347 60
3348 60
3349 60
3350 60
3351 60
3352 60
3353 60
3354 60
3355 60
3356 60
3357 60
3358 60
3359 60
3360 60
3361 60
3362 60
3363 60
3364 60
3365 60
3366 60
3367 60
3368 60
3369 60
3370 60
3371 60
3372 60
3373 60
3374 60
3375 60
3376 60
3377 60
3378 60
3379 60
3380 60
3381 60
3382 60
3383 60
3384 60
3385 60
3386 60
3387 60
3388 60
3389 60
3390 60
3391 60
3392 60
3393 60
3394 60
3395 60
3396 60
3397 60
3398 60
3399 60
3400 60
3401 60
3402 60
3403 60
3404 60
3405 60
3406 60
3407 60
3408 60
3409 60
3410 60
3411 60
3412 60
3413 60
3414 60
3415 60
3416 60
3417 60
3418 60
3419 60
3420 60
3421 60
3422 60
3423 60
3424 60
3425 60
3426 60
3427 60
3428 60
3429 60
3430 60
3431 60
3432 60
3433 60
3434 60
3435 60
3436 60
3437 60
3438 60
3439 60
3440 60
3441 60
3442 60
3443 60
3444 60
3445 60
3446 60
3447 60
3448 60
3449 60
3450 60
3451 60
3452 60
3453 60
3454 60
3455 60
3456 60
3457 60
3458 60
3459 60
3460 60
3461 60
3462 60
3463 60
3464 60
3465 60
3466 60
3467 60
3468 60
3469 60
3470 60
3471 60
3472 60
3473 60
3474 60
3475 60
3476 60
3477 60
3478 60
3479 60
3480 60
3481 60
3482 60
3483 60
3484 60
3485 60
3486 60
3487 60
3488 60
3489 60
3490 60
3491 60
3492 60
3493 60
3494 60
3495 60
3496 60
3497 60
3498 60
3499 60
3500 60
3501 60
3502 60
3503 60
3504 60
3505 60
3506 60
3507 60
3508 60
3509 60
3510 60
3511 60
3512 60
3513 60
3514 60
3515 60
3516 60
3517 60
3518 60
3519 60
3520 60
3521 60
3522 60
3523 60
3524 60
3525 60
3526 60
3527 60
3528 60
3529 60
3530 60
3531 60
3532 60
3533 60
3534 60
3535 60
3536 60
3537 60
3538 60
3539 60
3540 60
3541 60
3542 60
3543 60
3544 60
3545 60
3546 60
3547 60
3548 60
3549 60
3550 60
3551 60
3552 60
3553 60
3554 60
3555 60
3556 60
3557 60
3558 60
3559 60
3560 60
3561 60
3562 60
3563 60
3564 60
3565 60
3566 60
3567 60
3568 60
3569 60
3570 60
3571 60
3572 60
3573 60
3574 60
3575 60
3576 60
3577 60
3578 60
3579 60
3580 60
3581 60
3582 60
3583 60
3584 60
3585 60
3586 60
3587 60
3588 60
3589 60
3590 60
3591 60
3592 60
3593 60
3594 60
3595 60
3596 60
3597 60
3598 60
3599 60
3600 60
3601 60
3602 60
3603 60
3604 60
3605 60
3606 60
3607 60
3608 60
3609 60
3610 60
3611 60
3612 60
3613 60
3614 60
3615 60
3616 60
3617 60
3618 60
3619 60
3620 60
3621 60
3622 60
3623 60
3624 60
3625 60
3626 60
3627 60
3628 60
3629 60
3630 60
3631 60
3632 60
3633 60
3634 60
3635 60
3636 60
3637 60
3638 60
3639 60
3640 60
3641 60
3642 60
3643 60
3644 60
3645 60
3646 60
3647 60
3648 60
3649 60
3650 60
3651 60
3652 60
3653 60
3654 60
3655 60
3656 60
3657 60
3658 60
3659 60
3660 60
3661 60
3662 60
3663 60
3664 60
3665 60
3666 60
3667 60
3668 60
3669 60
3670 60
3671 60
3672 60
3673 60
3674 60
3675 60
3676 60
3677 60
3678 60
3679 60
3680 60
3681 60
3682 60
3683 60
3684 60
3685 60
3686 60
3687 60
3688 60
3689 60
3690 60
3691 60
3692 60
3693 60
3694 60
3695 60
3696 60
3697 60
3698 60
3699 60
3700 60
3701 60
3702 60
3703 60
3704 60
3705 60
3706 60
3707 60
3708 60
3709 60
3710 60
3711 60
3712 60
3713 60
3714 60
3715 60
3716 60
3717 60
3718 60
3719 60
3720 60
3721 60
3722 60
3723 60
3724 60
3725 60
3726 60
3727 60
3728 60
3729 60
3730 60
3731 60
3732 60
3733 60
3734 60
3735 60
3736 60
3737 60
3738 60
3739 60
3740 60
3741 60
3742 60
3743 60
3744 60
3745 60
3746 60
3747 60
3748 60
3749 60
3750 60
3751 60
3752 60
3753 60
3754 60
3755 60
3756 60
3757 60
3758 60
3759 60
3760 60
3761 60
3762 60
3763 60
3764 60
3765 60
3766 60
3767 60
3768 60
3769 60
3770 60
3771 60
3772 60
3773 60
3774 60
3775 60
3776 60
3777 60
3778 60
3779 60
3780 60
3781 60
3782 60
3783 60
3784 60
3785 60
3786 60
3787 60
3788 60
3789 60
3790 60
3791 60
3792 60
3793 60
3794 60
3795 60
3796 60
3797 60
3798 60
3799 60
3800 60
3801 60
3802 60
3803 60
3804 60
3805 60
3806 60
3807 60
3808 60
3809 60
3810 60
3811 60
3812 60
3813 60
3814 60
3815 60
3816 60
3817 60
3818 60
3819 60
3820 60
3821 60
3822 60
3823 60
3824 60
3825 60
3826 60
3827 60
3828 60
3829 60
3830 60
3831 60
3832 60
3833 60
3834 60
3835 60
3836 60
3837 60
3838 60
3839 60
3840 60
3841 60
3842 60
3843 60
3844 60
3845 60
3846 60
3847 60
3848 60
3849 60
3850 60
3851 60
3852 60
3853 60
3854 60
3855 60
3856 60
3857 60
3858 60
3859 60
3860 60
3861 60
3862 60
3863 60
3864 60
3865 60
3866 60
3867 60
3868 60
3869 60
3870 60
3871 60
3872 60
3873 60
3874 60
3875 60
3876 60
3877 60
3878 60
3879 60
3880 60
3881 60
3882 60
3883 60
3884 60
3885 60
3886 60
3887 60
3888 60
3889 60
3890 60
3891 60
3892 60
3893 60
3894 60
3895 60
3896 60
3897 60
3898 60
3899 60
3900 60
3901 60
3902 60
3903 60
3904 60
3905 60
3906 60
3907 60
3908 60
3909 60
3910 60
3911 60
3912 60
3913 60
3914 60
3915 60
3916 60
3917 60
3918 60
3919 60
3920 60
3921 60
3922 60
3923 60
3924 60
3925 60
3926 60
3927 60
3928 60
3929 60
3930 60
3931 60
3932 60
3933 60
3934 60
3935 60
3936 60
3937 60
3938 60
3939 60
3940 60
3941 60
3942 60
3943 60
3944 60
3945 60
3946 60
3947 60
3948 60
3949 60
3950 60
3951 60
3952 60
3953 60
3954 60
3955 60
3956 60
3957 60
3958 60
3959 60
3960 60
3961 60
3962 60
3963 60
3964 60
3965 60
3966 60
3967 60
3968 60
3969 60
3970 60
3971 60
3972 60
3973 60
3974 60
3975 60
3976 60
3977 60
3978 60
3979 60
3980 60
3981 60
3982 60
3983 60
3984 60
3985 60
3986 60
3987 60
3988 60
3989 60
3990 60
3991 60
3992 60
3993 60
3994 60
3995 60
3996 60
3997 60
3998 60
3999 60
4000 60
4001 60
4002 60
4003 60
4004 60
4005 60
4006 60
4007 60
4008 60
4009 60
4010 60
4011 60
4012 60
4013 60
4014 60
4015 60
4016 60
4017 60
4018 60
4019 60
4020 60
4021 60
4022 60
4023 60
4024 60
4025 60
4026 60
4027 60
4028 60
4029 60
4030 60
4031 60
4032 60
4033 60
4034 60
4035 60
4036 60
4037 60
4038 60
4039 60
4040 60
4041 60
4042 60
4043 60
4044 60
4045 60
4046 60
4047 60
4048 60
4049 60
4050 60
4051 60
4052 60
4053 60
4054 60
4055 60
4056 60
4057 60
4058 60
4059 60
4060 60
4061 60
4062 60
4063 60
4064 60
4065 60
4066 60
4067 60
4068 60
4069 60
4070 60
4071 60
4072 60
4073 60
4074 60
4075 60
4076 60
4077 60
4078 60
4079 60
4080 60
4081 60
4082 60
4083 60
4084 60
4085 60
4086 60
4087 60
4088 60
4089 60
4090 60
4091 60
4092 60
4093 60
4094 60
4095 60
4096 60
4097 60
4098 60
4099 60
4100 60
4101 60
4102 60
4103 60
4104 60
4105 60
4106 60
4107 60
4108 60
4109 60
4110 60
4111 60
4112 60
4113 60
4114 60
4115 60
4116 60
4117 60
4118 60
4119 60
4120 60
4121 60
4122 60
4123 60
4124 60
4125 60
4126 60
4127 60
4128 60
4129 60
4130 60
4131 60
4132 60
4133 60
4134 60
4135 60
4136 60
4137 60
4138 60
4139 60
4140 60
4141 60
4142 60
4143 60
4144 60
4145 60
4146 60
4147 60
4148 60
4149 60
4150 60
4151 60
4152 60
4153 60
4154 60
4155 60
4156 60
4157 60
4158 60
4159 60
4160 60
4161 60
4162 60
4163 60
4164 60
4165 60
4166 60
4167 60
4168 60
4169 60
4170 60
4171 60
4172 60
4173 60
4174 60
4175 60
4176 60
4177 60
4178 60
4179 60
4180 60
4181 60
4182 60
4183 60
4184 60
4185 60
4186 60
4187 60
4188 60
4189 60
4190 60
4191 60
4192 60
4193 60
4194 60
4195 60
4196 60
4197 60
4198 60
4199 60
4200 60
4201 60
4202 60
4203 60
4204 60
4205 60
4206 60
4207 60
4208 60
4209 60
4210 60
4211 60
4212 60
4213 60
4214 60
4215 60
4216 60
4217 60
4218 60
4219 60
4220 60
4221 60
4222 60
4223 60
4224 60
4225 60
4226 60
4227 60
4228 60
4229 60
4230 60
4231 60
4232 60
4233 60
4234 60
4235 60
4236 60
4237 60
4238 60
4239 60
4240 60
4241 60
4242 60
4243 60
4244 60
4245 60
4246 60
4247 60
4248 60
4249 60
4250 60
4251 60
4252 60
4253 60
4254 60
4255 60
4256 60
4257 60
4258 60
4259 60
4260 60
4261 60
4262 60
4263 60
4264 60
4265 60
4266 60
4267 60
4268 60
4269 60
4270 60
4271 60
4272 60
4273 60
4274 60
4275 60
4276 60
4277 60
4278 60
4279 60
4280 60
4281 60
4282 60
4283 60
4284 60
4285 60
4286 60
4287 60
4288 60
4289 60
4290 60
4291 60
4292 60
4293 60
4294 60
4295 60
4296 60
4297 60
4298 60
4299 60
4300 60
4301 60
4302 60
4303 60
4304 60
4305 60
4306 60
4307 60
4308 60
4309 60
4310 60
4311 60
4312 60
4313 60
4314 60
4315 60
4316 60
4317 60
4318 60
4319 60
4320 60
4321 60
4322 60
4323 60
4324 60
4325 60
4326 60
4327 60
4328 60
4329 60
4330 60
4331 60
4332 60
4333 60
4334 60
4335 60
4336 60
4337 60
4338 60
4339 60
4340 60
4341 60
4342 60
4343 60
4344 60
4345 60
4346 60
4347 60
4348 60
4349 60
4350 60
4351 60
4352 60
4353 60
4354 60
4355 60
4356 60
4357 60
4358 60
4359 60
4360 60
4361 60
4362 60
4363 60
4364 60
4365 60
4366 60
4367 60
4368 60
4369 60
4370 60
4371 60
4372 60
4373 60
4374 60
4375 60
4376 60
4377 60
4378 60
4379 60
4380 60
4381 60
4382 60
4383 60
4384 60
4385 60
4386 60
4387 60
4388 60
4389 60
4390 60
4391 60
4392 60
4393 60
4394 60
4395 60
4396 60
4397 60
4398 60
4399 60
4400 60
4401 60
4402 60
4403 60
4404 60
4405 60
4406 60
4407 60
4408 60
4409 60
4410 60
4411 60
4412 60
4413 60
4414 60
4415 60
4416 60
4417 60
4418 60
4419 60
4420 60
4421 60
4422 60
4423 60
4424 60
4425 60
4426 60
4427 60
4428 60
4429 60
4430 60
4431 60
4432 60
4433 60
4434 60
4435 60
4436 60
4437 60
4438 60
4439 60
4440 60
4441 60
4442 60
4443 60
4444 60
4445 60
4446 60
4447 60
4448 60
4449 60
4450 60
4451 60
4452 60
4453 60
4454 60
4455 60
4456 60
4457 60
4458 60
4459 60
4460 60
4461 60
4462 60
4463 60
4464 60
4465 60
4466 60
4467 60
4468 60
4469 60
4470 60
4471 60
4472 60
4473 60
4474 60
4475 60
4476 60
4477 60
4478 60
4479 60
4480 60
4481 60
4482 60
4483 60
4484 60
4485 60
4486 60
4487 60
4488 60
4489 60
4490 60
4491 60
4492 60
4493 60
4494 60
4495 60
4496 60
4497 60
4498 60
4499 60
4500 60
4501 60
4502 60
4503 60
4504 60
4505 60
4506 60
4507 60
4508 60
4509 60
4510 60
4511 60
4512 60
4513 60
4514 60
4515 60
4516 60
4517 60
4518 60
4519 60
4520 60
4521 60
4522 60
4523 60
4524 60
4525 60
4526 60
4527 60
4528 60
4529 60
4530 60
4531 60
4532 60
4533 60
4534 60
4535 60
4536 60
4537 60
4538 60
4539 60
4540 60
4541 60
4542 60
4543 60
4544 60
4545 60
4546 60
4547 60
4548 60
4549 60
4550 60
4551 60
4552 60
4553 60
4554 60
4555 60
4556 60
4557 60
4558 60
4559 60
4560 60
4561 60
4562 60
4563 60
4564 60
4565 60
4566 60
4567 60
4568 60
4569 60
4570 60
4571 60
4572 60
4573 60
4574 60
4575 60
4576 60
4577 60
4578 60
4579 60
4580 60
4581 60
4582 60
4583 60
4584 60
4585 60
4586 60
4587 60
4588 60
4589 60
4590 60
4591 60
4592 60
4593 60
4594 60
4595 60
4596 60
4597 60
4598 60
4599 60
4600 60
4601 60
4602 60
4603 60
4604 60
4605 60
4606 60
4607 60
4608 60
4609 60
4610 60
4611 60
4612 60
4613 60
4614 60
4615 60
4616 60
4617 60
4618 60
4619 60
4620 60
4621 60
4622 60
4623 60
4624 60
4625 60
4626 60
4627 60
4628 60
4629 60
4630 60
4631 60
4632 60
4633 60
4634 60
4635 60
4636 60
4637 60
4638 60
4639 60
4640 60
4641 60
4642 60
4643 60
4644 60
4645 60
4646 60
4647 60
4648 60
4649 60
4650 60
4651 60
4652 60
4653 60
4654 60
4655 60
4656 60
4657 60
4658 60
4659 60
4660 60
4661 60
4662 60
4663 60
4664 60
4665 60
4666 60
4667 60
4668 60
4669 60
4670 60
4671 60
4672 60
4673 60
4674 60
4675 60
4676 60
4677 60
4678 60
4679 60
4680 60
4681 60
4682 60
4683 60
4684 60
4685 60
4686 60
4687 60
4688 60
4689 60
4690 60
4691 60
4692 60
4693 60
4694 60
4695 60
4696 60
4697 60
4698 60
4699 60
4700 60
4701 60
4702 60
4703 60
4704 60
4705 60
4706 60
4707 60
4708 60
4709 60
4710 60
4711 60
4712 60
4713 60
4714 60
4715 60
4716 60
4717 60
4718 60
4719 60
4720 60
4721 60
4722 60
4723 60
4724 60
4725 60
4726 60
4727 60
4728 60
4729 60
4730 60
4731 60
4732 60
4733 60
4734 60
4735 60
4736 60
4737 60
4738 60
4739 60
4740 60
4741 60
4742 60
4743 60
4744 60
4745 60
4746 60
4747 60
4748 60
4749 60
4750 60
4751 60
4752 60
4753 60
4754 60
4755 60
4756 60
4757 60
4758 60
4759 60
4760 60
4761 60
4762 60
4763 60
4764 60
4765 60
4766 60
4767 60
4768 60
4769 60
4770 60
4771 60
4772 60
4773 60
4774 60
4775 60
4776 60
4777 60
4778 60
4779 60
4780 60
4781 60
4782 60
4783 60
4784 60
4785 60
4786 60
4787 60
4788 60
4789 60
4790 60
4791 60
4792 60
4793 60
4794 60
4795 60
4796 60
4797 60
4798 60
4799 60
4800 60
4801 60
4802 60
4803 60
4804 60
4805 60
4806 60
4807 60
4808 60
4809 60
4810 60
4811 60
4812 60
4813 60
4814 60
4815 60
4816 60
4817 60
4818 60
4819 60
4820 60
4821 60
4822 60
4823 60
4824 60
4825 60
4826 60
4827 60
4828 60
4829 60
4830 60
4831 60
4832 60
4833 60
4834 60
4835 60
4836 60
4837 60
4838 60
4839 60
4840 60
4841 60
4842 60
4843 60
4844 60
4845 60
4846 60
4847 60
4848 60
4849 60
4850 60
4851 60
4852 60
4853 60
4854 60
4855 60
4856 60
4857 60
4858 60
4859 60
4860 60
4861 60
4862 60
4863 60
4864 60
4865 60
4866 60
4867 60
4868 60
4869 60
4870 60
4871 60
4872 60
4873 60
4874 60
4875 60
4876 60
4877 60
4878 60
4879 60
4880 60
4881 60
4882 60
4883 60
4884 60
4885 60
4886 60
4887 60
4888 60
4889 60
4890 60
4891 60
4892 60
4893 60
4894 60
4895 60
4896 60
4897 60
4898 60
4899 60
4900 60
4901 60
4902 60
4903 60
4904 60
4905 60
4906 60
4907 60
4908 60
4909 60
4910 60
4911 60
4912 60
4913 60
4914 60
4915 60
4916 60
4917 60
4918 60
4919 60
4920 60
4921 60
4922 60
4923 60
4924 60
4925 60
4926 60
4927 60
4928 60
4929 60
4930 60
4931 60
4932 60
4933 60
4934 60
4935 60
4936 60
4937 60
4938 60
4939 60
4940 60
4941 60
4942 60
4943 60
4944 60
4945 60
4946 60
4947 60
4948 60
4949 60
4950 60
4951 60
4952 60
4953 60
4954 60
4955 60
4956 60
4957 60
4958 60
4959 60
4960 60
4961 60
4962 60
4963 60
4964 60
4965 60
4966 60
4967 60
4968 60
4969 60
4970 60
4971 60
4972 60
4973 60
4974 60
4975 60
4976 60
4977 60
4978 60
4979 60
4980 60
4981 60
4982 60
4983 60
4984 60
4985 60
4986 60
4987 60
4988 60
4989 60
4990 60
4991 60
4992 60
4993 60
4994 60
4995 60
4996 60
4997 60
4998 60
4999 60
5000 60
5001 60
5002 60
5003 60
5004 60
5005 60
5006 60
5007 60
5008 60
5009 60
5010 60
5011 60
5012 60
5013 60
5014 60
5015 60
5016 60
5017 60
5018 60
5019 60
5020 60
5021 60
5022 60
5023 60
5024 60
5025 60
5026 60
5027 60
5028 60
5029 60
5030 60
5031 60
5032 60
5033 60
5034 60
5035 60
5036 60
5037 60
5038 60
5039 60
5040 60
5041 60
5042 60
5043 60
5044 60
5045 60
5046 60
5047 60
5048 60
5049 60
5050 60
5051 60
5052 60
5053 60
5054 60
5055 60
5056 60
5057 60
5058 60
5059 60
5060 60
5061 60
5062 60
5063 60
5064 60
5065 60
5066 60
5067 60
5068 60
5069 60
5070 60
5071 60
5072 60
5073 60
5074 60
5075 60
5076 60
5077 60
5078 60
5079 60
5080 60
5081 60
5082 60
5083 60
5084 60
5085 60
5086 60
5087 60
5088 60
5089 60
5090 60
5091 60
5092 60
5093 60
5094 60
5095 60
5096 60
5097 60
5098 60
5099 60
5100 60
5101 60
5102 60
5103 60
5104 60
5105 60
5106 60
5107 60
5108 60
5109 60
5110 60
5111 60
5112 60
5113 60
5114 60
5115 60
5116 60
5117 60
5118 60
5119 60
5120 60
5121 60
5122 60
5123 60
5124 60
5125 60
5126 60
5127 60
5128 60
5129 60
5130 60
5131 60
5132 60
5133 60
5134 60
5135 60
5136 60
5137 60
5138 60
5139 60
5140 60
5141 60
5142 60
5143 60
5144 60
5145 60
5146 60
5147 60
5148 60
5149 60
5150 60
5151 60
5152 60
5153 60
5154 60
5155 60
5156 60
5157 60
5158 60
5159 60
5160 60
5161 60
5162 60
5163 60
5164 60
5165 60
5166 60
5167 60
5168 60
5169 60
5170 60
5171 60
5172 60
5173 60
5174 60
5175 60
5176 60
5177 60
5178 60
5179 60
5180 60
5181 60
5182 60
5183 60
5184 60
5185 60
5186 60
5187 60
5188 60
5189 60
5190 60
5191 60
5192 60
5193 60
5194 60
5195 60
5196 60
5197 60
5198 60
5199 60
5200 60
5201 60
5202 60
5203 60
5204 60
5205 60
5206 60
5207 60
5208 60
5209 60
5210 60
5211 60
5212 60
5213 60
5214 60
5215 60
5216 60
5217 60
5218 60
5219 60
5220 60
5221 60
5222 60
5223 60
5224 60
5225 60
5226 60
5227 60
5228 60
5229 60
5230 60
5231 60
5232 60
5233 60
5234 60
5235 60
5236 60
5237 60
5238 60
5239 60
5240 60
5241 60
5242 60
5243 60
5244 60
5245 60
5246 60
5247 60
5248 60
5249 60
5250 60
5251 60
5252 60
5253 60
5254 60
5255 60
5256 60
5257 60
5258 60
5259 60
5260 60
5261 60
5262 60
5263 60
5264 60
5265 60
5266 60
5267 60
5268 60
5269 60
5270 60
5271 60
5272 60
5273 60
5274 60
5275 60
5276 60
5277 60
5278 60
5279 60
5280 60
5281 60
5282 60
5283 60
5284 60
5285 60
5286 60
5287 60
5288 60
5289 60
5290 60
5291 60
5292 60
5293 60
5294 60
5295 60
5296 60
5297 60
5298 60
5299 60
5300 60
5301 60
5302 60
5303 60
5304 60
5305 60
5306 60
5307 60
5308 60
5309 60
5310 60
5311 60
5312 60
5313 60
5314 60
5315 60
5316 60
5317 60
5318 60
5319 60
5320 60
5321 60
5322 60
5323 60
5324 60
5325 60
5326 60
5327 60
5328 60
5329 60
5330 60
5331 60
5332 60
5333 60
5334 60
5335 60
5336 60
5337 60
5338 60
5339 60
5340 60
5341 60
5342 60
5343 60
5344 60
5345 60
5346 60
5347 60
5348 60
5349 60
5350 60
5351 60
5352 60
5353 60
5354 60
5355 60
5356 60
5357 60
5358 60
5359 60
5360 60
5361 60
5362 60
5363 60
5364 60
5365 60
5366 60
5367 60
5368 60
5369 60
5370 60
5371 60
5372 60
5373 60
5374 60
5375 60
5376 60
5377 60
5378 60
5379 60
5380 60
5381 60
5382 60
5383 60
5384 60
5385 60
5386 60
5387 60
5388 60
5389 60
5390 60
5391 60
5392 60
5393 60
5394 60
5395 60
5396 60
5397 60
5398 60
5399 60
5400 60
5401 60
5402 60
5403 60
5404 60
5405 60
5406 60
5407 60
5408 60
5409 60
5410 60
5411 60
5412 60
5413 60
5414 60
5415 60
5416 60
5417 60
5418 60
5419 60
5420 60
5421 60
5422 60
5423 60
5424 60
5425 60
5426 60
5427 60
5428 60
5429 60
5430 60
5431 60
5432 60
5433 60
5434 60
5435 60
5436 60
5437 60
5438 60
5439 60
5440 60
5441 60
5442 60
5443 60
5444 60
5445 60
5446 60
5447 60
5448 60
5449 60
5450 60
5451 60
5452 60
5453 60
5454 60
5455 60
5456 60
5457 60
5458 60
5459 60
5460 60
5461 60
5462 60
5463 60
5464 60
5465 60
5466 60
5467 60
5468 60
5469 60
5470 60
5471 60
5472 60
5473 60
5474 60
5475 60
5476 60
5477 60
5478 60
5479 60
5480 60
5481 60
5482 60
5483 60
5484 60
5485 60
5486 60
5487 60
5488 60
5489 60
5490 60
5491 60
5492 60
5493 60
5494 60
5495 60
5496 60
5497 60
5498 60
5499 60
5500 60
5501 60
5502 60
5503 60
5504 60
5505 60
5506 60
5507 60
5508 60
5509 60
5510 60
5511 60
5512 60
5513 60
5514 60
5515 60
5516 60
5517 60
5518 60
5519 60
5520 60
5521 60
5522 60
5523 60
5524 60
5525 60
5526 60
5527 60
5528 60
5529 60
5530 60
5531 60
5532 60
5533 60
5534 60
5535 60
5536 60
5537 60
5538 60
5539 60
5540 60
5541 60
5542 60
5543 60
5544 60
5545 60
5546 60
5547 60
5548 60
5549 60
5550 60
5551 60
5552 60
5553 60
5554 60
5555 60
5556 60
5557 60
5558 60
5559 60
5560 60
5561 60
5562 60
5563 60
5564 60
5565 60
5566 60
5567 60
5568 60
5569 60
5570 60
5571 60
5572 60
5573 60
5574 60
5575 60
5576 60
5577 60
5578 60
5579 60
5580 60
5581 60
5582 60
5583 60
5584 60
5585 60
5586 60
5587 60
5588 60
5589 60
5590 60
5591 60
5592 60
5593 60
5594 60
5595 60
5596 60
5597 60
5598 60
5599 60
5600 60
5601 60
5602 60
5603 60
5604 60
5605 60
5606 60
5607 60
5608 60
5609 60
5610 60
5611 60
5612 60
5613 60
5614 60
5615 60
5616 60
5617 60
5618 60
5619 60
5620 60
5621 60
5622 60
5623 60
5624 60
5625 60
5626 60
5627 60
5628 60
5629 60
5630 60
5631 60
5632 60
5633 60
5634 60
5635 60
5636 60
5637 60
5638 60
5639 60
5640 60
5641 60
5642 60
5643 60
5644 60
5645 60
5646 60
5647 60
5648 60
5649 60
5650 60
5651 60
5652 60
5653 60
5654 60
5655 60
5656 60
5657 60
5658 60
5659 60
5660 60
5661 60
5662 60
5663 60
5664 60
5665 60
5666 60
5667 60
5668 60
5669 60
5670 60
5671 60
5672 60
5673 60
5674 60
5675 60
5676 60
5677 60
5678 60
5679 60
5680 60
5681 60
5682 60
5683 60
5684 60
5685 60
5686 60
5687 60
5688 60
5689 60
5690 60
5691 60
5692 60
5693 60
5694 60
5695 60
5696 60
5697 60
5698 60
5699 60
5700 60
5701 60
5702 60
5703 60
5704 60
5705 60
5706 60
5707 60
5708 60
5709 60
5710 60
5711 60
5712 60
5713 60
5714 60
5715 60
5716 60
5717 60
5718 60
5719 60
5720 60
5721 60
5722 60
5723 60
5724 60
5725 60
5726 60
5727 60
5728 60
5729 60
5730 60
5731 60
5732 60
5733 60
5734 60
5735 60
5736 60
5737 60
5738 60
5739 60
5740 60
5741 60
5742 60
5743 60
5744 60
5745 60
5746 60
5747 60
5748 60
5749 60
5750 60
5751 60
5752 60
5753 60
5754 60
5755 60
5756 60
5757 60
5758 60
5759 60
5760 60
5761 60
5762 60
5763 60
5764 60
5765 60
5766 60
5767 60
5768 60
5769 60
5770 60
5771 60
5772 60
5773 60
5774 60
5775 60
5776 60
5777 60
5778 60
5779 60
5780 60
5781 60
5782 60
5783 60
5784 60
5785 60
5786 60
5787 60
5788 60
5789 60
5790 60
5791 60
5792 60
5793 60
5794 60
5795 60
5796 60
5797 60
5798 60
5799 60
5800 60
5801 60
5802 60
5803 60
5804 60
5805 60
5806 60
5807 60
5808 60
5809 60
5810 60
5811 60
5812 60
5813 60
5814 60
5815 60
5816 60
5817 60
5818 60
5819 60
5820 60
5821 60
5822 60
5823 60
5824 60
5825 60
5826 60
5827 60
5828 60
5829 60
5830 60
5831 60
5832 60
5833 60
5834 60
5835 60
5836 60
5837 60
5838 60
5839 60
5840 60
5841 60
5842 60
5843 60
5844 60
5845 60
5846 60
5847 60
5848 60
5849 60
5850 60
5851 60
5852 60
5853 60
5854 60
5855 60
5856 60
5857 60
5858 60
5859 60
5860 60
5861 60
5862 60
5863 60
5864 60
5865 60
5866 60
5867 60
5868 60
5869 60
5870 60
5871 60
5872 60
5873 60
5874 60
5875 60
5876 60
5877 60
5878 60
5879 60
5880 60
5881 60
5882 60
5883 60
5884 60
5885 60
5886 60
5887 60
5888 60
5889 60
5890 60
5891 60
5892 60
5893 60
5894 60
5895 60
5896 60
5897 60
5898 60
5899 60
5900 60
5901 60
5902 60
5903 60
5904 60
5905 60
5906 60
5907 60
5908 60
5909 60
5910 60
5911 60
5912 60
5913 60
5914 60
5915 60
5916 60
5917 60
5918 60
5919 60
5920 60
5921 60
5922 60
5923 60
5924 60
5925 60
5926 60
5927 60
5928 60
5929 60
5930 60
5931 60
5932 60
5933 60
5934 60
5935 60
5936 60
5937 60
5938 60
5939 60
5940 60
5941 60
5942 60
5943 60
5944 60
5945 60
5946 60
5947 60
5948 60
5949 60
5950 60
5951 60
5952 60
5953 60
5954 60
5955 60
5956 60
5957 60
5958 60
5959 60
5960 60
5961 60
5962 60
5963 60
5964 60
5965 60
5966 60
5967 60
5968 60
5969 60
5970 60
5971 60
5972 60
5973 60
5974 60
5975 60
5976 60
5977 60
5978 60
5979 60
5980 60
5981 60
5982 60
5983 60
5984 60
5985 60
5986 60
5987 60
5988 60
5989 60
5990 60
5991 60
5992 60
5993 60
5994 60
5995 60
5996 60
5997 60
5998 60
5999 60
6000 60
6001 60
6002 60
6003 60
6004 60
6005 60
6006 60
6007 60
6008 60
6009 60
6010 60
6011 60
6012 60
6013 60
6014 60
6015 60
6016 60
6017 60
6018 60
6019 60
6020 60
6021 60
6022 60
6023 60
6024 60
6025 60
6026 60
6027 60
6028 60
6029 60
6030 60
6031 60
6032 60
6033 60
6034 60
6035 60
6036 60
6037 60
6038 60
6039 60
6040 60
6041 60
6042 60
6043 60
6044 60
6045 60
6046 60
6047 60
6048 60
6049 60
6050 60
6051 60
6052 60
6053 60
6054 60
6055 60
6056 60
6057 60
6058 60
6059 60
6060 60
6061 60
6062 60
6063 60
6064 60
6065 60
6066 60
6067 60
6068 60
6069 60
6070 60
6071 60
6072 60
6073 60
6074 60
6075 60
6076 60
6077 60
6078 60
6079 60
6080 60
6081 60
6082 60
6083 60
6084 60
6085 60
6086 60
6087 60
6088 60
6089 60
6090 60
6091 60
6092 60
6093 60
6094 60
6095 60
6096 60
6097 60
6098 60
6099 60
6100 60
6101 60
6102 60
6103 60
6104 60
6105 60
6106 60
6107 60
6108 60
6109 60
6110 60
6111 60
6112 60
6113 60
6114 60
6115 60
6116 60
6117 60
6118 60
6119 60
6120 60
6121 60
6122 60
6123 60
6124 60
6125 60
6126 60
6127 60
6128 60
6129 60
6130 60
6131 60
6132 60
6133 60
6134 60
6135 60
6136 60
6137 60
6138 60
6139 60
6140 60
6141 60
6142 60
6143 60
6144 60
6145 60
6146 60
6147 60
6148 60
6149 60
6150 60
6151 60
6152 60
6153 60
6154 60
6155 60
6156 60
6157 60
6158 60
6159 60
6160 60
6161 60
6162 60
6163 60
6164 60
6165 60
6166 60
6167 60
6168 60
6169 60
6170 60
6171 60
6172 60
6173 60
6174 60
6175 60
6176 60
6177 60
6178 60
6179 60
6180 60
6181 60
6182 60
6183 60
6184 60
6185 60
6186 60
6187 60
6188 60
6189 60
6190 60
6191 60
6192 60
6193 60
6194 60
6195 60
6196 60
6197 60
6198 60
6199 60
6200 60
6201 60
6202 60
6203 60
6204 60
6205 60
6206 60
6207 60
6208 60
6209 60
6210 60
6211 60
6212 60
6213 60
6214 60
6215 60
6216 60
6217 60
6218 60
6219 60
6220 60
6221 60
6222 60
6223 60
6224 60
6225 60
6226 60
6227 60
6228 60
6229 60
6230 60
6231 60
6232 60
6233 60
6234 60
6235 60
6236 60
6237 60
6238 60
6239 60
6240 60
6241 60
6242 60
6243 60
6244 60
6245 60
6246 60
6247 60
6248 60
6249 60
6250 60
6251 60
6252 60
6253 60
6254 60
6255 60
6256 60
6257 60
6258 60
6259 60
6260 60
6261 60
6262 60
6263 60
6264 60
6265 60
6266 60
6267 60
6268 60
6269 60
6270 60
6271 60
6272 60
6273 60
6274 60
6275 60
6276 60
6277 60
6278 60
6279 60
6280 60
6281 60
6282 60
6283 60
6284 60
6285 60
6286 60
6287 60
6288 60
6289 60
6290 60
6291 60
6292 60
6293 60
6294 60
6295 60
6296 60
6297 60
6298 60
6299 60
6300 60
6301 60
6302 60
6303 60
6304 60
6305 60
6306 60
6307 60
6308 60
6309 60
6310 60
6311 60
6312 60
6313 60
6314 60
6315 60
6316 60
6317 60
6318 60
6319 60
6320 60
6321 60
6322 60
6323 60
6324 60
6325 60
6326 60
6327 60
6328 60
6329 60
6330 60
6331 60
6332 60
6333 60
6334 60
6335 60
6336 60
6337 60
6338 60
6339 60
6340 60
6341 60
6342 60
6343 60
6344 60
6345 60
6346 60
6347 60
6348 60
6349 60
6350 60
6351 60
6352 60
6353 60
6354 60
6355 60
6356 60
6357 60
6358 60
6359 60
6360 60
6361 60
6362 60
6363 60
6364 60
6365 60
6366 60
6367 60
6368 60
6369 60
6370 60
6371 60
6372 60
6373 60
6374 60
6375 60
6376 60
6377 60
6378 60
6379 60
6380 60
6381 60
6382 60
6383 60
6384 60
6385 60
6386 60
6387 60
6388 60
6389 60
6390 60
6391 60
6392 60
6393 60
6394 60
6395 60
6396 60
6397 60
6398 60
6399 60
6400 60
6401 60
6402 60
6403 60
6404 60
6405 60
6406 60
6407 60
6408 60
6409 60
6410 60
6411 60
6412 60
6413 60
6414 60
6415 60
6416 60
6417 60
6418 60
6419 60
6420 60
6421 60
6422 60
6423 60
6424 60
6425 60
6426 60
6427 60
6428 60
6429 60
6430 60
6431 60
6432 60
6433 60
6434 60
6435 60
6436 60
6437 60
6438 60
6439 60
6440 60
6441 60
6442 60
6443 60
6444 60
6445 60
6446 60
6447 60
6448 60
6449 60
6450 60
6451 60
6452 60
6453 60
6454 60
6455 60
6456 60
6457 60
6458 60
6459 60
6460 60
6461 60
6462 60
6463 60
6464 60
6465 60
6466 60
6467 60
6468 60
6469 60
6470 60
6471 60
6472 60
6473 60
6474 60
6475 60
6476 60
6477 60
6478 60
6479 60
6480 60
6481 60
6482 60
6483 60
6484 60
6485 60
6486 60
6487 60
6488 60
6489 60
6490 60
6491 60
6492 60
6493 60
6494 60
6495 60
6496 60
6497 60
6498 60
6499 60
6500 60
6501 60
6502 60
6503 60
6504 60
6505 60
6506 60
6507 60
6508 60
6509 60
6510 60
6511 60
6512 60
6513 60
6514 60
6515 60
6516 60
6517 60
6518 60
6519 60
6520 60
6521 60
6522 60
6523 60
6524 60
6525 60
6526 60
6527 60
6528 60
6529 60
6530 60
6531 60
6532 60
6533 60
6534 60
6535 60
6536 60
6537 60
6538 60
6539 60
6540 60
6541 60
6542 60
6543 60
6544 60
6545 60
6546 60
6547 60
6548 60
6549 60
6550 60
6551 60
6552 60
6553 60
6554 60
6555 60
6556 60
6557 60
6558 60
6559 60
6560 60
6561 60
6562 60
6563 60
6564 60
6565 60
6566 60
6567 60
6568 60
6569 60
6570 60
6571 60
6572 60
6573 60
6574 60
6575 60
6576 60
6577 60
6578 60
6579 60
6580 60
6581 60
6582 60
6583 60
6584 60
6585 60
6586 60
6587 60
6588 60
6589 60
6590 60
6591 60
6592 60
6593 60
6594 60
6595 60
6596 60
6597 60
6598 60
6599 60
6600 60
6601 60
6602 60
6603 60
6604 60
6605 60
6606 60
6607 60
6608 60
6609 60
6610 60
6611 60
6612 60
6613 60
6614 60
6615 60
6616 60
6617 60
6618 60
6619 60
6620 60
6621 60
6622 60
6623 60
6624 60
6625 60
6626 60
6627 60
6628 60
6629 60
6630 60
6631 60
6632 60
6633 60
6634 60
6635 60
6636 60
6637 60
6638 60
6639 60
6640 60
6641 60
6642 60
6643 60
6644 60
6645 60
6646 60
6647 60
6648 60
6649 60
6650 60
6651 60
6652 60
6653 60
6654 60
6655 60
6656 60
6657 60
6658 60
6659 60
6660 60
6661 60
6662 60
6663 60
6664 60
6665 60
6666 60
6667 60
6668 60
6669 60
6670 60
6671 60
6672 60
6673 60
6674 60
6675 60
6676 60
6677 60
6678 60
6679 60
6680 60
6681 60
6682 60
6683 60
6684 60
6685 60
6686 60
6687 60
6688 60
6689 60
6690 60
6691 60
6692 60
6693 60
6694 60
6695 60
6696 60
6697 60
6698 60
6699 60
6700 60
6701 60
6702 60
6703 60
6704 60
6705 60
6706 60
6707 60
6708 60
6709 60
6710 60
6711 60
6712 60
6713 60
6714 60
6715 60
6716 60
6717 60
6718 60
6719 60
6720 60
6721 60
6722 60
6723 60
6724 60
6725 60
6726 60
6727 60
6728 60
6729 60
6730 60
6731 60
6732 60
6733 60
6734 60
6735 60
6736 60
6737 60
6738 60
6739 60
6740 60
6741 60
6742 60
6743 60
6744 60
6745 60
6746 60
6747 60
6748 60
6749 60
6750 60
6751 60
6752 60
6753 60
6754 60
6755 60
6756 60
6757 60
6758 60
6759 60
6760 60
6761 60
6762 60
6763 60
6764 60
6765 60
6766 60
6767 60
6768 60
6769 60
6770 60
6771 60
6772 60
6773 60
6774 60
6775 60
6776 60
6777 60
6778 60
6779 60
6780 60
6781 60
6782 60
6783 60
6784 60
6785 60
6786 60
6787 60
6788 60
6789 60
6790 60
6791 60
6792 60
6793 60
6794 60
6795 60
6796 60
6797 60
6798 60
6799 60
6800 60
6801 60
6802 60
6803 60
6804 60
6805 60
6806 60
6807 60
6808 60
6809 60
6810 60
6811 60
6812 60
6813 60
6814 60
6815 60
6816 60
6817 60
6818 60
6819 60
6820 60
6821 60
6822 60
6823 60
6824 60
6825 60
6826 60
6827 60
6828 60
6829 60
6830 60
6831 60
6832 60
6833 60
6834 60
6835 60
6836 60
6837 60
6838 60
6839 60
6840 60
6841 60
6842 60
6843 60
6844 60
6845 60
6846 60
6847 60
6848 60
6849 60
6850 60
6851 60
6852 60
6853 60
6854 60
6855 60
6856 60
6857 60
6858 60
6859 60
6860 60
6861 60
6862 60
6863 60
6864 60
6865 60
6866 60
6867 60
6868 60
6869 60
6870 60
6871 60
6872 60
6873 60
6874 60
6875 60
6876 60
6877 60
6878 60
6879 60
6880 60
6881 60
6882 60
6883 60
6884 60
6885 60
6886 60
6887 60
6888 60
6889 60
6890 60
6891 60
6892 60
6893 60
6894 60
6895 60
6896 60
6897 60
6898 60
6899 60
6900 60
6901 60
6902 60
6903 60
6904 60
6905 60
6906 60
6907 60
6908 60
6909 60
6910 60
6911 60
6912 60
6913 60
6914 60
6915 60
6916 60
6917 60
6918 60
6919 60
6920 60
6921 60
6922 60
6923 60
6924 60
6925 60
6926 60
6927 60
6928 60
6929 60
6930 60
6931 60
6932 60
6933 60
6934 60
6935 60
6936 60
6937 60
6938 60
6939 60
6940 60
6941 60
6942 60
6943 60
6944 60
6945 60
6946 60
6947 60
6948 60
6949 60
6950 60
6951 60
6952 60
6953 60
6954 60
6955 60
6956 60
6957 60
6958 60
6959 60
6960 60
6961 60
6962 60
6963 60
6964 60
6965 60
6966 60
6967 60
6968 60
6969 60
6970 60
6971 60
6972 60
6973 60
6974 60
6975 60
6976 60
6977 60
6978 60
6979 60
6980 60
6981 60
6982 60
6983 60
6984 60
6985 60
6986 60
6987 60
6988 60
6989 60
6990 60
6991 60
6992 60
6993 60
6994 60
6995 60
6996 60
6997 60
6998 60
6999 60
7000 60
7001 60
7002 60
7003 60
7004 60
7005 60
7006 60
7007 60
7008 60
7009 60
7010 60
7011 60
7012 60
7013 60
7014 60
7015 60
7016 60
7017 60
7018 60
7019 60
7020 60
7021 60
7022 60
7023 60
7024 60
7025 60
7026 60
7027 60
7028 60
7029 60
7030 60
7031 60
7032 60
7033 60
7034 60
7035 60
7036 60
7037 60
7038 60
7039 60
7040 60
7041 60
7042 60
7043 60
7044 60
7045 60
7046 60
7047 60
7048 60
7049 60
7050 60
7051 60
7052 60
7053 60
7054 60
7055 60
7056 60
7057 60
7058 60
7059 60
7060 60
7061 60
7062 60
7063 60
7064 60
7065 60
7066 60
7067 60
7068 60
7069 60
7070 60
7071 60
7072 60
7073 60
7074 60
7075 60
7076 60
7077 60
7078 60
7079 60
7080 60
7081 60
7082 60
7083 60
7084 60
7085 60
7086 60
7087 60
7088 60
7089 60
7090 60
7091 60
7092 60
7093 60
7094 60
7095 60
7096 60
7097 60
7098 60
7099 60
7100 60
7101 60
7102 60
7103 60
7104 60
7105 60
7106 60
7107 60
7108 60
7109 60
7110 60
7111 60
7112 60
7113 60
7114 60
7115 60
7116 60
7117 60
7118 60
7119 60
7120 60
7121 60
7122 60
7123 60
7124 60
7125 60
7126 60
7127 60
7128 60
7129 60
7130 60
7131 60
7132 60
7133 60
7134 60
7135 60
7136 60
7137 60
7138 60
7139 60
7140 60
7141 60
7142 60
7143 60
7144 60
7145 60
7146 60
7147 60
7148 60
7149 60
7150 60
7151 60
7152 60
7153 60
7154 60
7155 60
7156 60
7157 60
7158 60
7159 60
7160 60
7161 60
7162 60
7163 60
7164 60
7165 60
7166 60
7167 60
7168 60
7169 60
7170 60
7171 60
7172 60
7173 60
7174 60
7175 60
7176 60
7177 60
7178 60
7179 60
7180 60
7181 60
7182 60
7183 60
7184 60
7185 60
7186 60
7187 60
7188 60
7189 60
7190 60
7191 60
7192 60
7193 60
7194 60
7195 60
7196 60
7197 60
7198 60
7199 60
7200 60
7201 60
7202 60
7203 60
7204 60
7205 60
7206 60
7207 60
7208 60
7209 60
7210 60
7211 60
7212 60
7213 60
7214 60
7215 60
7216 60
7217 60
7218 60
7219 60
7220 60
7221 60
7222 60
7223 60
7224 60
7225 60
7226 60
7227 60
7228 60
7229 60
7230 60
7231 60
7232 60
7233 60
7234 60
7235 60
7236 60
7237 60
7238 60
7239 60
7240 60
7241 60
7242 60
7243 60
7244 60
7245 60
7246 60
7247 60
7248 60
7249 60
7250 60
7251 60
7252 60
7253 60
7254 60
7255 60
7256 60
7257 60
7258 60
7259 60
7260 60
7261 60
7262 60
7263 60
7264 60
7265 60
7266 60
7267 60
7268 60
7269 60
7270 60
7271 60
7272 60
7273 60
7274 60
7275 60
7276 60
7277 60
7278 60
7279 60
7280 60
7281 60
7282 60
7283 60
7284 60
7285 60
7286 60
7287 60
7288 60
7289 60
7290 60
7291 60
7292 60
7293 60
7294 60
7295 60
7296 60
7297 60
7298 60
7299 60
7300 60
7301 60
7302 60
7303 60
7304 60
7305 60
7306 60
7307 60
7308 60
7309 60
7310 60
7311 60
7312 60
7313 60
7314 60
7315 60
7316 60
7317 60
7318 60
7319 60
7320 60
7321 60
7322 60
7323 60
7324 60
7325 60
7326 60
7327 60
7328 60
7329 60
7330 60
7331 60
7332 60
7333 60
7334 60
7335 60
7336 60
7337 60
7338 60
7339 60
7340 60
7341 60
7342 60
7343 60
7344 60
7345 60
7346 60
7347 60
7348 60
7349 60
7350 60
7351 60
7352 60
7353 60
7354 60
7355 60
7356 60
7357 60
7358 60
7359 60
7360 60
7361 60
7362 60
7363 60
7364 60
7365 60
7366 60
7367 60
7368 60
7369 60
7370 60
7371 60
7372 60
7373 60
7374 60
7375 60
7376 60
7377 60
7378 60
7379 60
7380 60
7381 60
7382 60
7383 60
7384 60
7385 60
7386 60
7387 60
7388 60
7389 60
7390 60
7391 60
7392 60
7393 60
7394 60
7395 60
7396 60
7397 60
7398 60
7399 60
7400 60
7401 60
7402 60
7403 60
7404 60
7405 60
7406 60
7407 60
7408 60
7409 60
7410 60
7411 60
7412 60
7413 60
7414 60
7415 60
7416 60
7417 60
7418 60
7419 60
7420 60
7421 60
7422 60
7423 60
7424 60
7425 60
7426 60
7427 60
7428 60
7429 60
7430 60
7431 60
7432 60
7433 60
7434 60
7435 60
7436 60
7437 60
7438 60
7439 60
7440 60
7441 60
7442 60
7443 60
7444 60
7445 60
7446 60
7447 60
7448 60
7449 60
7450 60
7451 60
7452 60
7453 60
7454 60
7455 60
7456 60
7457 60
7458 60
7459 60
7460 60
7461 60
7462 60
7463 60
7464 60
7465 60
7466 60
7467 60
7468 60
7469 60
7470 60
7471 60
7472 60
7473 60
7474 60
7475 60
7476 60
7477 60
7478 60
7479 60
7480 60
7481 60
7482 60
7483 60
7484 60
7485 60
7486 60
7487 60
7488 60
7489 60
7490 60
7491 60
7492 60
7493 60
7494 60
7495 60
7496 60
7497 60
7498 60
7499 60
7500 60
7501 60
7502 60
7503 60
7504 60
7505 60
7506 60
7507 60
7508 60
7509 60
7510 60
7511 60
7512 60
7513 60
7514 60
7515 60
7516 60
7517 60
7518 60
7519 60
7520 60
7521 60
7522 60
7523 60
7524 60
7525 60
7526 60
7527 60
7528 60
7529 60
7530 60
7531 60
7532 60
7533 60
7534 60
7535 60
7536 60
7537 60
7538 60
7539 60
7540 60
7541 60
7542 60
7543 60
7544 60
7545 60
7546 60
7547 60
7548 60
7549 60
7550 60
7551 60
7552 60
7553 60
7554 60
7555 60
7556 60
7557 60
7558 60
7559 60
7560 60
7561 60
7562 60
7563 60
7564 60
7565 60
7566 60
7567 60
7568 60
7569 60
7570 60
7571 60
7572 60
7573 60
7574 60
7575 60
7576 60
7577 60
7578 60
7579 60
7580 60
7581 60
7582 60
7583 60
7584 60
7585 60
7586 60
7587 60
7588 60
7589 60
7590 60
7591 60
7592 60
7593 60
7594 60
7595 60
7596 60
7597 60
7598 60
7599 60
7600 60
7601 60
7602 60
7603 60
7604 60
7605 60
7606 60
7607 60
7608 60
7609 60
7610 60
7611 60
7612 60
7613 60
7614 60
7615 60
7616 60
7617 60
7618 60
7619 60
7620 60
7621 60
7622 60
7623 60
7624 60
7625 60
7626 60
7627 60
7628 60
7629 60
7630 60
7631 60
7632 60
7633 60
7634 60
7635 60
7636 60
7637 60
7638 60
7639 60
7640 60
7641 60
7642 60
7643 60
7644 60
7645 60
7646 60
7647 60
7648 60
7649 60
7650 60
7651 60
7652 60
7653 60
7654 60
7655 60
7656 60
7657 60
7658 60
7659 60
7660 60
7661 60
7662 60
7663 60
7664 60
7665 60
7666 60
7667 60
7668 60
7669 60
7670 60
7671 60
7672 60
7673 60
7674 60
7675 60
7676 60
7677 60
7678 60
7679 60
7680 60
7681 60
7682 60
7683 60
7684 60
7685 60
7686 60
7687 60
7688 60
7689 60
7690 60
7691 60
7692 60
7693 60
7694 60
7695 60
7696 60
7697 60
7698 60
7699 60
7700 60
7701 60
7702 60
7703 60
7704 60
7705 60
7706 60
7707 60
7708 60
7709 60
7710 60
7711 60
7712 60
7713 60
7714 60
7715 60
7716 60
7717 60
7718 60
7719 60
7720 60
7721 60
7722 60
7723 60
7724 60
7725 60
7726 60
7727 60
7728 60
7729 60
7730 60
7731 60
7732 60
7733 60
7734 60
7735 60
7736 60
7737 60
7738 60
7739 60
7740 60
7741 60
7742 60
7743 60
7744 60
7745 60
7746 60
7747 60
7748 60
7749 60
7750 60
7751 60
7752 60
7753 60
7754 60
7755 60
7756 60
7757 60
7758 60
7759 60
7760 60
7761 60
7762 60
7763 60
7764 60
7765 60
7766 60
7767 60
7768 60
7769 60
7770 60
7771 60
7772 60
7773 60
7774 60
7775 60
7776 60
7777 60
7778 60
7779 60
7780 60
7781 60
7782 60
7783 60
7784 60
7785 60
7786 60
7787 60
7788 60
7789 60
7790 60
7791 60
7792 60
7793 60
7794 60
7795 60
7796 60
7797 60
7798 60
7799 60
7800 60
7801 60
7802 60
7803 60
7804 60
7805 60
7806 60
7807 60
7808 60
7809 60
7810 60
7811 60
7812 60
7813 60
7814 60
7815 60
7816 60
7817 60
7818 60
7819 60
7820 60
7821 60
7822 60
7823 60
7824 60
7825 60
7826 60
7827 60
7828 60
7829 60
7830 60
7831 60
7832 60
7833 60
7834 60
7835 60
7836 60
7837 60
7838 60
7839 60
7840 60
7841 60
7842 60
7843 60
7844 60
7845 60
7846 60
7847 60
7848 60
7849 60
7850 60
7851 60
7852 60
7853 60
7854 60
7855 60
7856 60
7857 60
7858 60
7859 60
7860 60
7861 60
7862 60
7863 60
7864 60
7865 60
7866 60
7867 60
7868 60
7869 60
7870 60
7871 60
7872 60
7873 60
7874 60
7875 60
7876 60
7877 60
7878 60
7879 60
7880 60
7881 60
7882 60
7883 60
7884 60
7885 60
7886 60
7887 60
7888 60
7889 60
7890 60
7891 60
7892 60
7893 60
7894 60
7895 60
7896 60
7897 60
7898 60
7899 60
7900 60
7901 60
7902 60
7903 60
7904 60
7905 60
7906 60
7907 60
7908 60
7909 60
7910 60
7911 60
7912 60
7913 60
7914 60
7915 60
7916 60
7917 60
7918 60
7919 60
7920 60
7921 60
7922 60
7923 60
7924 60
7925 60
7926 60
7927 60
7928 60
7929 60
7930 60
7931 60
7932 60
7933 60
7934 60
7935 60
7936 60
7937 60
7938 60
7939 60
7940 60
7941 60
7942 60
7943 60
7944 60
7945 60
7946 60
7947 60
7948 60
7949 60
7950 60
7951 60
7952 60
7953 60
7954 60
7955 60
7956 60
7957 60
7958 60
7959 60
7960 60
7961 60
7962 60
7963 60
7964 60
7965 60
7966 60
7967 60
7968 60
7969 60
7970 60
7971 60
7972 60
7973 60
7974 60
7975 60
7976 60
7977 60
7978 60
7979 60
7980 60
7981 60
7982 60
7983 60
7984 60
7985 60
7986 60
7987 60
7988 60
7989 60
7990 60
7991 60
7992 60
7993 60
7994 60
7995 60
7996 60
7997 60
7998 60
7999 60
8000 60
8001 60
8002 60
8003 60
8004 60
8005 60
8006 60
8007 60
8008 60
8009 60
8010 60
8011 60
8012 60
8013 60
8014 60
8015 60
8016 60
8017 60
8018 60
8019 60
8020 60
8021 60
8022 60
8023 60
8024 60
8025 60
8026 60
8027 60
8028 60
8029 60
8030 60
8031 60
8032 60
8033 60
8034 60
8035 60
8036 60
8037 60
8038 60
8039 60
8040 60
8041 60
8042 60
8043 60
8044 60
8045 60
8046 60
8047 60
8048 60
8049 60
8050 60
8051 60
8052 60
8053 60
8054 60
8055 60
8056 60
8057 60
8058 60
8059 60
8060 60
8061 60
8062 60
8063 60
8064 60
8065 60
8066 60
8067 60
8068 60
8069 60
8070 60
8071 60
8072 60
8073 60
8074 60
8075 60
8076 60
8077 60
8078 60
8079 60
8080 60
8081 60
8082 60
8083 60
8084 60
8085 60
8086 60
8087 60
8088 60
8089 60
8090 60
8091 60
8092 60
8093 60
8094 60
8095 60
8096 60
8097 60
8098 60
8099 60
8100 60
8101 60
8102 60
8103 60
8104 60
8105 60
8106 60
8107 60
8108 60
8109 60
8110 60
8111 60
8112 60
8113 60
8114 60
8115 60
8116 60
8117 60
8118 60
8119 60
8120 60
8121 60
8122 60
8123 60
8124 60
8125 60
8126 60
8127 60
8128 60
8129 60
8130 60
8131 60
8132 60
8133 60
8134 60
8135 60
8136 60
8137 60
8138 60
8139 60
8140 60
8141 60
8142 60
8143 60
8144 60
8145 60
8146 60
8147 60
8148 60
8149 60
8150 60
8151 60
8152 60
8153 60
8154 60
8155 60
8156 60
8157 60
8158 60
8159 60
8160 60
8161 60
8162 60
8163 60
8164 60
8165 60
8166 60
8167 60
8168 60
8169 60
8170 60
8171 60
8172 60
8173 60
8174 60
8175 60
8176 60
8177 60
8178 60
8179 60
8180 60
8181 60
8182 60
8183 60
8184 60
8185 60
8186 60
8187 60
8188 60
8189 60
8190 60
8191 60
8192 60
8193 60
8194 60
8195 60
8196 60
8197 60
8198 60
8199 60
8200 60
8201 60
8202 60
8203 60
8204 60
8205 60
8206 60
8207 60
8208 60
8209 60
8210 60
8211 60
8212 60
8213 60
8214 60
8215 60
8216 60
8217 60
8218 60
8219 60
8220 60
8221 60
8222 60
8223 60
8224 60
8225 60
8226 60
8227 60
8228 60
8229 60
8230 60
8231 60
8232 60
8233 60
8234 60
8235 60
8236 60
8237 60
8238 60
8239 60
8240 60
8241 60
8242 60
8243 60
8244 60
8245 60
8246 60
8247 60
8248 60
8249 60
8250 60
8251 60
8252 60
8253 60
8254 60
8255 60
8256 60
8257 60
8258 60
8259 60
8260 60
8261 60
8262 60
8263 60
8264 60
8265 60
8266 60
8267 60
8268 60
8269 60
8270 60
8271 60
8272 60
8273 60
8274 60
8275 60
8276 60
8277 60
8278 60
8279 60
8280 60
8281 60
8282 60
8283 60
8284 60
8285 60
8286 60
8287 60
8288 60
8289 60
8290 60
8291 60
8292 60
8293 60
8294 60
8295 60
8296 60
8297 60
8298 60
8299 60
8300 60
8301 60
8302 60
8303 60
8304 60
8305 60
8306 60
8307 60
8308 60
8309 60
8310 60
8311 60
8312 60
8313 60
8314 60
8315 60
8316 60
8317 60
8318 60
8319 60
8320 60
8321 60
8322 60
8323 60
8324 60
8325 60
8326 60
8327 60
8328 60
8329 60
8330 60
8331 60
8332 60
8333 60
8334 60
8335 60
8336 60
8337 60
8338 60
8339 60
8340 60
8341 60
8342 60
8343 60
8344 60
8345 60
8346 60
8347 60
8348 60
8349 60
8350 60
8351 60
8352 60
8353 60
8354 60
8355 60
8356 60
8357 60
8358 60
8359 60
8360 60
8361 60
8362 60
8363 60
8364 60
8365 60
8366 60
8367 60
8368 60
8369 60
8370 60
8371 60
8372 60
8373 60
8374 60
8375 60
8376 60
8377 60
8378 60
8379 60
8380 60
8381 60
8382 60
8383 60
8384 60
8385 60
8386 60
8387 60
8388 60
8389 60
8390 60
8391 60
8392 60
8393 60
8394 60
8395 60
8396 60
8397 60
8398 60
8399 60
8400 60
8401 60
8402 60
8403 60
8404 60
8405 60
8406 60
8407 60
8408 60
8409 60
8410 60
8411 60
8412 60
8413 60
8414 60
8415 60
8416 60
8417 60
8418 60
8419 60
8420 60
8421 60
8422 60
8423 60
8424 60
8425 60
8426 60
8427 60
8428 60
8429 60
8430 60
8431 60
8432 60
8433 60
8434 60
8435 60
8436 60
8437 60
8438 60
8439 60
8440 60
8441 60
8442 60
8443 60
8444 60
8445 60
8446 60
8447 60
8448 60
8449 60
8450 60
8451 60
8452 60
8453 60
8454 60
8455 60
8456 60
8457 60
8458 60
8459 60
8460 60
8461 60
8462 60
8463 60
8464 60
8465 60
8466 60
8467 60
8468 60
8469 60
8470 60
8471 60
8472 60
8473 60
8474 60
8475 60
8476 60
8477 60
8478 60
8479 60
8480 60
8481 60
8482 60
8483 60
8484 60
8485 60
8486 60
8487 60
8488 60
8489 60
8490 60
8491 60
8492 60
8493 60
8494 60
8495 60
8496 60
8497 60
8498 60
8499 60
8500 60
8501 60
8502 60
8503 60
8504 60
8505 60
8506 60
8507 60
8508 60
8509 60
8510 60
8511 60
8512 60
8513 60
8514 60
8515 60
8516 60
8517 60
8518 60
8519 60
8520 60
8521 60
8522 60
8523 60
8524 60
8525 60
8526 60
8527 60
8528 60
8529 60
8530 60
8531 60
8532 60
8533 60
8534 60
8535 60
8536 60
8537 60
8538 60
8539 60
8540 60
8541 60
8542 60
8543 60
8544 60
8545 60
8546 60
8547 60
8548 60
8549 60
8550 60
8551 60
8552 60
8553 60
8554 60
8555 60
8556 60
8557 60
8558 60
8559 60
8560 60
8561 60
8562 60
8563 60
8564 60
8565 60
8566 60
8567 60
8568 60
8569 60
8570 60
8571 60
8572 60
8573 60
8574 60
8575 60
8576 60
8577 60
8578 60
8579 60
8580 60
8581 60
8582 60
8583 60
8584 60
8585 60
8586 60
8587 60
8588 60
8589 60
8590 60
8591 60
8592 60
8593 60
8594 60
8595 60
8596 60
8597 60
8598 60
8599 60
8600 60
8601 60
8602 60
8603 60
8604 60
8605 60
8606 60
8607 60
8608 60
8609 60
8610 60
8611 60
8612 60
8613 60
8614 60
8615 60
8616 60
8617 60
8618 60
8619 60
8620 60
8621 60
8622 60
8623 60
8624 60
8625 60
8626 60
8627 60
8628 60
8629 60
8630 60
8631 60
8632 60
8633 60
8634 60
8635 60
8636 60
8637 60
8638 60
8639 60
8640 60
8641 60
8642 60
8643 60
8644 60
8645 60
8646 60
8647 60
8648 60
8649 60
8650 60
8651 60
8652 60
8653 60
8654 60
8655 60
8656 60
8657 60
8658 60
8659 60
8660 60
8661 60
8662 60
8663 60
8664 60
8665 60
8666 60
8667 60
8668 60
8669 60
8670 60
8671 60
8672 60
8673 60
8674 60
8675 60
8676 60
8677 60
8678 60
8679 60
8680 60
8681 60
8682 60
8683 60
8684 60
8685 60
8686 60
8687 60
8688 60
8689 60
8690 60
8691 60
8692 60
8693 60
8694 60
8695 60
8696 60
8697 60
8698 60
8699 60
8700 60
8701 60
8702 60
8703 60
8704 60
8705 60
8706 60
8707 60
8708 60
8709 60
8710 60
8711 60
8712 60
8713 60
8714 60
8715 60
8716 60
8717 60
8718 60
8719 60
8720 60
8721 60
8722 60
8723 60
8724 60
8725 60
8726 60
8727 60
8728 60
8729 60
8730 60
8731 60
8732 60
8733 60
8734 60
8735 60
8736 60
8737 60
8738 60
8739 60
8740 60
8741 60
8742 60
8743 60
8744 60
8745 60
8746 60
8747 60
8748 60
8749 60
8750 60
8751 60
8752 60
8753 60
8754 60
8755 60
8756 60
8757 60
8758 60
8759 60
8760 60
8761 60
8762 60
8763 60
8764 60
8765 60
8766 60
8767 60
8768 60
8769 60
8770 60
8771 60
8772 60
8773 60
8774 60
8775 60
8776 60
8777 60
8778 60
8779 60
8780 60
8781 60
8782 60
8783 60
8784 60
8785 60
8786 60
8787 60
8788 60
8789 60
8790 60
8791 60
8792 60
8793 60
8794 60
8795 60
8796 60
8797 60
8798 60
8799 60
8800 60
8801 60
8802 60
8803 60
8804 60
8805 60
8806 60
8807 60
8808 60
8809 60
8810 60
8811 60
8812 60
8813 60
8814 60
8815 60
8816 60
8817 60
8818 60
8819 60
8820 60
8821 60
8822 60
8823 60
8824 60
8825 60
8826 60
8827 60
8828 60
8829 60
8830 60
8831 60
8832 60
8833 60
8834 60
8835 60
8836 60
8837 60
8838 60
8839 60
8840 60
8841 60
8842 60
8843 60
8844 60
8845 60
8846 60
8847 60
8848 60
8849 60
8850 60
8851 60
8852 60
8853 60
8854 60
8855 60
8856 60
8857 60
8858 60
8859 60
8860 60
8861 60
8862 60
8863 60
8864 60
8865 60
8866 60
8867 60
8868 60
8869 60
8870 60
8871 60
8872 60
8873 60
8874 60
8875 60
8876 60
8877 60
8878 60
8879 60
8880 60
8881 60
8882 60
8883 60
8884 60
8885 60
8886 60
8887 60
8888 60
8889 60
8890 60
8891 60
8892 60
8893 60
8894 60
8895 60
8896 60
8897 60
8898 60
8899 60
8900 60
8901 60
8902 60
8903 60
8904 60
8905 60
8906 60
8907 60
8908 60
8909 60
8910 60
8911 60
8912 60
8913 60
8914 60
8915 60
8916 60
8917 60
8918 60
8919 60
8920 60
8921 60
8922 60
8923 60
8924 60
8925 60
8926 60
8927 60
8928 60
8929 60
8930 60
8931 60
8932 60
8933 60
8934 60
8935 60
8936 60
8937 60
8938 60
8939 60
8940 60
8941 60
8942 60
8943 60
8944 60
8945 60
8946 60
8947 60
8948 60
8949 60
8950 60
8951 60
8952 60
8953 60
8954 60
8955 60
8956 60
8957 60
8958 60
8959 60
8960 60
8961 60
8962 60
8963 60
8964 60
8965 60
8966 60
8967 60
8968 60
8969 60
8970 60
8971 60
8972 60
8973 60
8974 60
8975 60
8976 60
8977 60
8978 60
8979 60
8980 60
8981 60
8982 60
8983 60
8984 60
8985 60
8986 60
8987 60
8988 60
8989 60
8990 60
8991 60
8992 60
8993 60
8994 60
8995 60
8996 60
8997 60
8998 60
8999 60
9000 60
9001 60
9002 60
9003 60
9004 60
9005 60
9006 60
9007 60
9008 60
9009 60
9010 60
9011 60
9012 60
9013 60
9014 60
9015 60
9016 60
9017 60
9018 60
9019 60
9020 60
9021 60
9022 60
9023 60
9024 60
9025 60
9026 60
9027 60
9028 60
9029 60
9030 60
9031 60
9032 60
9033 60
9034 60
9035 60
9036 60
9037 60
9038 60
9039 60
9040 60
9041 60
9042 60
9043 60
9044 60
9045 60
9046 60
9047 60
9048 60
9049 60
9050 60
9051 60
9052 60
9053 60
9054 60
9055 60
9056 60
9057 60
9058 60
9059 60
9060 60
9061 60
9062 60
9063 60
9064 60
9065 60
9066 60
9067 60
9068 60
9069 60
9070 60
9071 60
9072 60
9073 60
9074 60
9075 60
9076 60
9077 60
9078 60
9079 60
9080 60
9081 60
9082 60
9083 60
9084 60
9085 60
9086 60
9087 60
9088 60
9089 60
9090 60
9091 60
9092 60
9093 60
9094 60
9095 60
9096 60
9097 60
9098 60
9099 60
9100 60
9101 60
9102 60
9103 60
9104 60
9105 60
9106 60
9107 60
9108 60
9109 60
9110 60
9111 60
9112 60
9113 60
9114 60
9115 60
9116 60
9117 60
9118 60
9119 60
9120 60
9121 60
9122 60
9123 60
9124 60
9125 60
9126 60
9127 60
9128 60
9129 60
9130 60
9131 60
9132 60
9133 60
9134 60
9135 60
9136 60
9137 60
9138 60
9139 60
9140 60
9141 60
9142 60
9143 60
9144 60
9145 60
9146 60
9147 60
9148 60
9149 60
9150 60
9151 60
9152 60
9153 60
9154 60
9155 60
9156 60
9157 60
9158 60
9159 60
9160 60
9161 60
9162 60
9163 60
9164 60
9165 60
9166 60
9167 60
9168 60
9169 60
9170 60
9171 60
9172 60
9173 60
9174 60
9175 60
9176 60
9177 60
9178 60
9179 60
9180 60
9181 60
9182 60
9183 60
9184 60
9185 60
9186 60
9187 60
9188 60
9189 60
9190 60
9191 60
9192 60
9193 60
9194 60
9195 60
9196 60
9197 60
9198 60
9199 60
9200 60
9201 60
9202 60
9203 60
9204 60
9205 60
9206 60
9207 60
9208 60
9209 60
9210 60
9211 60
9212 60
9213 60
9214 60
9215 60
9216 60
9217 60
9218 60
9219 60
9220 60
9221 60
9222 60
9223 60
9224 60
9225 60
9226 60
9227 60
9228 60
9229 60
9230 60
9231 60
9232 60
9233 60
9234 60
9235 60
9236 60
9237 60
9238 60
9239 60
9240 60
9241 60
9242 60
9243 60
9244 60
9245 60
9246 60
9247 60
9248 60
9249 60
9250 60
9251 60
9252 60
9253 60
9254 60
9255 60
9256 60
9257 60
9258 60
9259 60
9260 60
9261 60
9262 60
9263 60
9264 60
9265 60
9266 60
9267 60
9268 60
9269 60
9270 60
9271 60
9272 60
9273 60
9274 60
9275 60
9276 60
9277 60
9278 60
9279 60
9280 60
9281 60
9282 60
9283 60
9284 60
9285 60
9286 60
9287 60
9288 60
9289 60
9290 60
9291 60
9292 60
9293 60
9294 60
9295 60
9296 60
9297 60
9298 60
9299 60
9300 60
9301 60
9302 60
9303 60
9304 60
9305 60
9306 60
9307 60
9308 60
9309 60
9310 60
9311 60
9312 60
9313 60
9314 60
9315 60
9316 60
9317 60
9318 60
9319 60
9320 60
9321 60
9322 60
9323 60
9324 60
9325 60
9326 60
9327 60
9328 60
9329 60
9330 60
9331 60
9332 60
9333 60
9334 60
9335 60
9336 60
9337 60
9338 60
9339 60
9340 60
9341 60
9342 60
9343 60
9344 60
9345 60
9346 60
9347 60
9348 60
9349 60
9350 60
9351 60
9352 60
9353 60
9354 60
9355 60
9356 60
9357 60
9358 60
9359 60
9360 60
9361 60
9362 60
9363 60
9364 60
9365 60
9366 60
9367 60
9368 60
9369 60
9370 60
9371 60
9372 60
9373 60
9374 60
9375 60
9376 60
9377 60
9378 60
9379 60
9380 60
9381 60
9382 60
9383 60
9384 60
9385 60
9386 60
9387 60
9388 60
9389 60
9390 60
9391 60
9392 60
9393 60
9394 60
9395 60
9396 60
9397 60
9398 60
9399 60
9400 60
9401 60
9402 60
9403 60
9404 60
9405 60
9406 60
9407 60
9408 60
9409 60
9410 60
9411 60
9412 60
9413 60
9414 60
9415 60
9416 60
9417 60
9418 60
9419 60
9420 60
9421 60
9422 60
9423 60
9424 60
9425 60
9426 60
9427 60
9428 60
9429 60
9430 60
9431 60
9432 60
9433 60
9434 60
9435 60
9436 60
9437 60
9438 60
9439 60
9440 60
9441 60
9442 60
9443 60
9444 60
9445 60
9446 60
9447 60
9448 60
9449 60
9450 60
9451 60
9452 60
9453 60
9454 60
9455 60
9456 60
9457 60
9458 60
9459 60
9460 60
9461 60
9462 60
9463 60
9464 60
9465 60
9466 60
9467 60
9468 60
9469 60
9470 60
9471 60
9472 60
9473 60
9474 60
9475 60
9476 60
9477 60
9478 60
9479 60
9480 60
9481 60
9482 60
9483 60
9484 60
9485 60
9486 60
9487 60
9488 60
9489 60
9490 60
9491 60
9492 60
9493 60
9494 60
9495 60
9496 60
9497 60
9498 60
9499 60
9500 60
9501 60
9502 60
9503 60
9504 60
9505 60
9506 60
9507 60
9508 60
9509 60
9510 60
9511 60
9512 60
9513 60
9514 60
9515 60
9516 60
9517 60
9518 60
9519 60
9520 60
9521 60
9522 60
9523 60
9524 60
9525 60
9526 60
9527 60
9528 60
9529 60
9530 60
9531 60
9532 60
9533 60
9534 60
9535 60
9536 60
9537 60
9538 60
9539 60
9540 60
9541 60
9542 60
9543 60
9544 60
9545 60
9546 60
9547 60
9548 60
9549 60
9550 60
9551 60
9552 60
9553 60
9554 60
9555 60
9556 60
9557 60
9558 60
9559 60
9560 60
9561 60
9562 60
9563 60
9564 60
9565 60
9566 60
9567 60
9568 60
9569 60
9570 60
9571 60
9572 60
9573 60
9574 60
9575 60
9576 60
9577 60
9578 60
9579 60
9580 60
9581 60
9582 60
9583 60
9584 60
9585 60
9586 60
9587 60
9588 60
9589 60
9590 60
9591 60
9592 60
9593 60
9594 60
9595 60
9596 60
9597 60
9598 60
9599 60
9600 60
9601 60
9602 60
9603 60
9604 60
9605 60
9606 60
9607 60
9608 60
9609 60
9610 60
9611 60
9612 60
9613 60
9614 60
9615 60
9616 60
9617 60
9618 60
9619 60
9620 60
9621 60
9622 60
9623 60
9624 60
9625 60
9626 60
9627 60
9628 60
9629 60
9630 60
9631 60
9632 60
9633 60
9634 60
9635 60
9636 60
9637 60
9638 60
9639 60
9640 60
9641 60
9642 60
9643 60
9644 60
9645 60
9646 60
9647 60
9648 60
9649 60
9650 60
9651 60
9652 60
9653 60
9654 60
9655 60
9656 60
9657 60
9658 60
9659 60
9660 60
9661 60
9662 60
9663 60
9664 60
9665 60
9666 60
9667 60
9668 60
9669 60
9670 60
9671 60
9672 60
9673 60
9674 60
9675 60
9676 60
9677 60
9678 60
9679 60
9680 60
9681 60
9682 60
9683 60
9684 60
9685 60
9686 60
9687 60
9688 60
9689 60
9690 60
9691 60
9692 60
9693 60
9694 60
9695 60
9696 60
9697 60
9698 60
9699 60
9700 60
9701 60
9702 60
9703 60
9704 60
9705 60
9706 60
9707 60
9708 60
9709 60
9710 60
9711 60
9712 60
9713 60
9714 60
9715 60
9716 60
9717 60
9718 60
9719 60
9720 60
9721 60
9722 60
9723 60
9724 60
9725 60
9726 60
9727 60
9728 60
9729 60
9730 60
9731 60
9732 60
9733 60
9734 60
9735 60
9736 60
9737 60
9738 60
9739 60
9740 60
9741 60
9742 60
9743 60
9744 60
9745 60
9746 60
9747 60
9748 60
9749 60
9750 60
9751 60
9752 60
9753 60
9754 60
9755 60
9756 60
9757 60
9758 60
9759 60
9760 60
9761 60
9762 60
9763 60
9764 60
9765 60
9766 60
9767 60
9768 60
9769 60
9770 60
9771 60
9772 60
9773 60
9774 60
9775 60
9776 60
9777 60
9778 60
9779 60
9780 60
9781 60
9782 60
9783 60
9784 60
9785 60
9786 60
9787 60
9788 60
9789 60
9790 60
9791 60
9792 60
9793 60
9794 60
9795 60
9796 60
9797 60
9798 60
9799 60
9800 60
9801 60
9802 60
9803 60
9804 60
9805 60
9806 60
9807 60
9808 60
9809 60
9810 60
9811 60
9812 60
9813 60
9814 60
9815 60
9816 60
9817 60
9818 60
9819 60
9820 60
9821 60
9822 60
9823 60
9824 60
9825 60
9826 60
9827 60
9828 60
9829 60
9830 60
9831 60
9832 60
9833 60
9834 60
9835 60
9836 60
9837 60
9838 60
9839 60
9840 60
9841 60
9842 60
9843 60
9844 60
9845 60
9846 60
9847 60
9848 60
9849 60
9850 60
9851 60
9852 60
9853 60
9854 60
9855 60
9856 60
9857 60
9858 60
9859 60
9860 60
9861 60
9862 60
9863 60
9864 60
9865 60
9866 60
9867 60
9868 60
9869 60
9870 60
9871 60
9872 60
9873 60
9874 60
9875 60
9876 60
9877 60
9878 60
9879 60
9880 60
9881 60
9882 60
9883 60
9884 60
9885 60
9886 60
9887 60
9888 60
9889 60
9890 60
9891 60
9892 60
9893 60
9894 60
9895 60
9896 60
9897 60
9898 60
9899 60
9900 60
9901 60
9902 60
9903 60
9904 60
9905 60
9906 60
9907 60
9908 60
9909 60
9910 60
9911 60
9912 60
9913 60
9914 60
9915 60
9916 60
9917 60
9918 60
9919 60
9920 60
9921 60
9922 60
9923 60
9924 60
9925 60
9926 60
9927 60
9928 60
9929 60
9930 60
9931 60
9932 60
9933 60
9934 60
9935 60
9936 60
9937 60
9938 60
9939 60
9940 60
9941 60
9942 60
9943 60
9944 60
9945 60
9946 60
9947 60
9948 60
9949 60
9950 60
9951 60
9952 60
9953 60
9954 60
9955 60
9956 60
9957 60
9958 60
9959 60
9960 60
9961 60
9962 60
9963 60
9964 60
9965 60
9966 60
9967 60
9968 60
9969 60
9970 60
9971 60
9972 60
9973 60
9974 60
9975 60
9976 60
9977 60
9978 60
9979 60
9980 60
9981 60
9982 60
9983 60
9984 60
9985 60
9986 60
9987 60
9988 60
9989 60
9990 60
9991 60
9992 60
9993 60
9994 60
9995 60
9996 60
9997 60
9998 60
9999 60
10000 60
10001 60
