1 46
2 49
3 62
4 56
5 55
6 59
7 51
8 55
9 54
10 57
11 52
12 61
13 55
14 52
15 63
16 53
17 54
18 55
19 57
20 53
21 59
22 49
23 54
24 54
25 57
26 51
27 62
28 48
29 54
30 62
31 56
32 57
33 59
34 57
35 62
36 50
37 56
38 57
39 47
40 56
41 54
42 55
43 57
44 50
45 47
46 52
47 57
48 56
49 54
50 60
51 59
52 51
53 64
54 57
55 60
56 60
57 53
58 67
59 52
60 57
61 53
62 60
63 58
64 52
65 56
66 66
67 61
68 56
69 55
70 53
71 51
72 59
73 58
74 59
75 59
76 55
77 50
78 50
79 55
80 60
81 59
82 60
83 57
84 59
85 50
86 57
87 52
88 56
89 56
90 63
91 56
92 55
93 53
94 62
95 61
96 60
97 60
98 56
99 52
100 52
101 51
102 60
103 62
104 52
105 60
106 58
107 59
108 57
109 58
110 59
111 60
112 61
113 66
114 60
115 57
116 66
117 57
118 58
119 55
120 61
121 57
122 58
123 62
124 61
125 67
126 60
127 66
128 58
129 63
130 59
131 58
132 60
133 53
134 60
135 58
136 56
137 62
138 66
139 57
140 56
141 60
142 61
143 53
144 61
145 64
146 70
147 61
148 65
149 58
150 55
151 64
152 61
153 66
154 64
155 69
156 68
157 69
158 60
159 61
160 61
161 63
162 58
163 66
164 52
165 66
166 59
167 56
168 65
169 63
170 55
171 59
172 67
173 65
174 59
175 61
176 60
177 64
178 67
179 61
180 68
181 61
182 68
183 61
184 62
185 60
186 65
187 64
188 64
189 62
190 59
191 71
192 59
193 58
194 60
195 64
196 65
197 67
198 71
199 65
200 60
201 69
202 67
203 62
204 63
205 70
206 71
207 66
208 63
209 62
210 69
211 67
212 60
213 66
214 70
215 61
216 63
217 65
218 62
219 66
220 67
221 61
222 65
223 65
224 69
225 63
226 60
227 67
228 58
229 66
230 71
231 60
232 72
233 64
234 65
235 62
236 69
237 65
238 70
239 67
240 69
241 63
242 65
243 64
244 65
245 65
246 72
247 63
248 66
249 75
250 64
251 68
252 71
253 76
254 59
255 63
256 61
257 67
258 67
259 70
260 72
261 67
262 64
263 66
264 73
265 71
266 70
267 67
268 64
269 65
270 66
271 60
272 65
273 65
274 76
275 66
276 69
277 74
278 67
279 66
280 74
281 73
282 65
283 70
284 70
285 69
286 74
287 70
288 70
289 68
290 66
291 72
292 73
293 70
294 68
295 71
296 65
297 75
298 73
299 70
300 69
301 72
302 68
303 70
304 70
305 75
306 69
307 71
308 65
309 69
310 70
311 71
312 70
313 65
314 72
315 66
316 66
317 77
318 69
319 71
320 71
321 71
322 68
323 72
324 70
325 72
326 70
327 67
328 69
329 72
330 78
331 69
332 74
333 73
334 71
335 74
336 68
337 68
338 67
339 76
340 75
341 72
342 67
343 72
344 66
345 77
346 77
347 75
348 67
349 76
350 71
351 71
352 72
353 71
354 73
355 67
356 74
357 81
358 64
359 71
360 69
361 70
362 76
363 71
364 73
365 68
366 74
367 72
368 79
369 70
370 69
371 77
372 76
373 70
374 70
375 70
376 73
377 76
378 66
379 73
380 69
381 72
382 78
383 72
384 72
385 74
386 74
387 76
388 80
389 74
390 78
391 72
392 73
393 75
394 74
395 78
396 69
397 69
398 75
399 67
400 74
401 72
402 70
403 77
404 78
405 70
406 74
407 76
408 76
409 70
410 79
411 74
412 72
413 80
414 76
415 72
416 74
417 78
418 72
419 78
420 79
421 81
422 74
423 82
424 80
425 74
426 80
427 76
428 77
429 74
430 69
431 72
432 78
433 74
434 79
435 80
436 68
437 75
438 73
439 78
440 75
441 74
442 75
443 70
444 74
445 75
446 74
447 68
448 80
449 76
450 75
451 73
452 76
453 81
454 75
455 77
456 80
457 73
458 77
459 78
460 80
461 70
462 84
463 78
464 77
465 76
466 76
467 71
468 77
469 77
470 80
471 75
472 80
473 77
474 76
475 75
476 83
477 77
478 72
479 77
480 70
481 77
482 75
483 74
484 84
485 76
486 81
487 81
488 83
489 82
490 74
491 79
492 78
493 82
494 81
495 75
496 74
497 76
498 80
499 76
500 79
501 81
502 83
503 77
504 78
505 83
506 77
507 78
508 74
509 85
510 86
511 79
512 80
513 75
514 76
515 80
516 79
517 85
518 72
519 77
520 83
521 79
522 76
523 81
524 81
525 77
526 77
527 76
528 80
529 82
530 81
531 76
532 74
533 78
534 81
535 79
536 79
537 82
538 80
539 80
540 80
541 81
542 80
543 82
544 82
545 81
546 75
547 81
548 79
549 77
550 74
551 81
552 84
553 82
554 74
555 84
556 80
557 81
558 76
559 77
560 83
561 88
562 83
563 79
564 81
565 84
566 81
567 87
568 80
569 86
570 86
571 75
572 87
573 82
574 81
575 84
576 81
577 83
578 84
579 78
580 86
581 84
582 83
583 81
584 83
585 79
586 82
587 81
588 82
589 79
590 79
591 78
592 89
593 80
594 90
595 86
596 87
597 84
598 85
599 87
600 81
601 83
602 79
603 79
604 83
605 81
606 86
607 77
608 82
609 77
610 81
611 81
612 83
613 79
614 84
615 89
616 81
617 83
618 81
619 88
620 82
621 86
622 87
623 87
624 85
625 80
626 81
627 88
628 89
629 83
630 82
631 89
632 81
633 86
634 88
635 82
636 86
637 87
638 87
639 90
640 86
641 86
642 85
643 82
644 88
645 85
646 88
647 86
648 86
649 88
650 86
651 86
652 82
653 83
654 87
655 85
656 89
657 82
658 84
659 84
660 87
661 80
662 80
663 86
664 86
665 85
666 86
667 81
668 84
669 80
670 82
671 89
672 81
673 88
674 91
675 91
676 84
677 84
678 87
679 84
680 86
681 85
682 88
683 87
684 86
685 84
686 88
687 83
688 87
689 89
690 86
691 83
692 87
693 88
694 87
695 88
696 84
697 78
698 86
699 87
700 85
701 89
702 84
703 87
704 93
705 88
706 85
707 85
708 85
709 86
710 84
711 86
712 89
713 82
714 87
715 83
716 85
717 82
718 90
719 91
720 87
721 88
722 88
723 88
724 87
725 87
726 83
727 92
728 87
729 91
730 86
731 89
732 89
733 85
734 88
735 91
736 86
737 88
738 83
739 91
740 90
741 87
742 89
743 89
744 92
745 86
746 88
747 88
748 86
749 85
750 88
751 89
752 90
753 89
754 89
755 84
756 83
757 85
758 83
759 88
760 87
761 89
762 89
763 94
764 83
765 89
766 87
767 88
768 90
769 90
770 88
771 90
772 88
773 88
774 88
775 90
776 87
777 97
778 91
779 88
780 84
781 88
782 92
783 89
784 87
785 88
786 91
787 92
788 92
789 87
790 92
791 88
792 94
793 92
794 90
795 89
796 91
797 94
798 87
799 93
800 95
801 93
802 93
803 91
804 90
805 89
806 89
807 86
808 92
809 96
810 88
811 91
812 86
813 89
814 90
815 84
816 92
817 91
818 94
819 90
820 89
821 93
822 93
823 90
824 90
825 89
826 93
827 93
828 91
829 93
830 91
831 87
832 92
833 92
834 90
835 88
836 91
837 95
838 94
839 88
840 92
841 92
842 89
843 93
844 91
845 93
846 97
847 93
848 88
849 89
850 94
851 97
852 91
853 90
854 96
855 92
856 94
857 93
858 93
859 92
860 91
861 92
862 95
863 90
864 95
865 91
866 96
867 92
868 92
869 92
870 96
871 96
872 91
873 92
874 92
875 91
876 90
877 94
878 92
879 88
880 92
881 91
882 94
883 92
884 90
885 97
886 92
887 92
888 92
889 91
890 98
891 93
892 94
893 95
894 95
895 96
896 95
897 92
898 95
899 97
900 93
901 99
902 91
903 95
904 95
905 93
906 91
907 93
908 96
909 94
910 93
911 94
912 93
913 94
914 91
915 97
916 93
917 92
918 94
919 95
920 95
921 90
922 95
923 98
924 95
925 95
926 95
927 95
928 95
929 95
930 95
931 92
932 91
933 97
934 93
935 99
936 94
937 94
938 95
939 91
940 95
941 96
942 92
943 94
944 95
945 93
946 95
947 92
948 95
949 96
950 97
951 97
952 94
953 99
954 93
955 93
956 93
957 94
958 95
959 93
960 94
961 96
962 96
963 96
964 96
965 94
966 97
967 97
968 95
969 95
970 92
971 93
972 98
973 94
974 96
975 97
976 94
977 97
978 97
979 95
980 96
981 95
982 95
983 97
984 99
985 98
986 96
987 94
988 95
989 95
990 96
991 95
992 94
993 98
994 99
995 98
996 94
997 97
998 97
999 99
1000 97
1001 95
1002 96
1003 97
1004 97
1005 96
1006 99
1007 96
1008 95
1009 97
1010 96
1011 99
1012 97
1013 95
1014 96
1015 96
1016 95
1017 98
1018 100
